3 166 1 0
1 166 1 0
2 166 1 0
0 241 1 0
1 316 1 0
2 391 1 0
3 466 1 0
0 541 1 0
1 616 1 0
2 691 1 0
0 766 1 0
3 841 1 0
2 916 1 0
1 991 1 0
0 1066 1 0
3 1141 1 0
2 1216 1 0
1 1291 1 0
3 1366 1 0
0 1441 1 0
1 1516 1 0
2 1591 1 0
1 1666 1 0
0 1666 1 0
3 1741 1 0
1 1816 1 0
0 1816 1 0
2 1891 1 0
3 1966 1 0
0 1966 1 0
1 2041 1 0
2 2116 1 0
1 2191 1 0
2 2266 1 0
3 2266 1 0
0 2341 1 0
1 2416 1 0
2 2491 1 0
0 2566 1 0
3 2641 1 0
2 2716 1 0
1 2791 1 0
0 2866 1 0
3 2941 1 0
2 3016 1 0
1 3091 1 0
3 3166 1 0
0 3241 1 0
1 3316 1 0
2 3391 1 0
3 3466 1 0
0 3541 1 0
1 3616 1 0
2 3691 1 0
0 3766 1 0
3 3841 1 0
2 3916 1 0
1 3991 1 0
2 4066 1 0
3 4066 1 0
0 4141 1 0
2 4216 1 0
1 4216 1 0
3 4291 1 0
0 4366 1 0
1 4366 1 0
3 4441 1 0
2 4516 1 0
1 4591 1 0
0 4666 1 0
3 4666 1 0
2 4741 1 0
1 4816 1 0
2 4891 1 0
0 4966 1 0
1 5041 1 0
2 5116 1 0
3 5191 1 0
1 5266 1 0
0 5341 1 0
3 5416 1 0
2 5491 1 0
1 5566 1 0
2 5641 1 0
3 5716 1 0
0 5791 1 0
1 5866 1 0
2 5941 1 0
3 6016 1 0
0 6091 1 0
3 6166 1 0
2 6241 1 0
1 6316 1 0
0 6391 1 0
2 6466 1 0
3 6466 1 0
0 6541 1 0
1 6616 1 0
2 6616 1 0
3 6691 1 0
0 6766 1 0
1 6766 1 0
2 6841 1 0
3 6916 1 0
2 6991 1 0
0 7066 1 0
1 7066 1 0
3 7141 1 0
1 7216 1 0
2 7216 1 0
0 7291 1 0
2 7366 1 0
3 7366 1 0
1 7441 1 0
0 7516 1 0
1 7591 1 0
2 7666 1 0
3 7741 1 0
1 7816 1 0
2 7891 1 0
0 7966 1 0
1 8041 1 0
2 8116 1 0
3 8191 1 0
1 8266 1 0
0 8266 1 0
3 8341 1 0
2 8416 1 0
1 8416 1 0
0 8491 1 0
3 8566 1 0
1 8641 1 0
2 8716 1 0
1 8791 1 0
3 8866 1 0
2 8866 1 0
0 8941 1 0
1 9016 1 0
2 9091 1 0
1 9166 1 0
0 9166 1 0
2 9241 1 0
3 9241 1 0
0 9316 1 0
1 9316 1 0
2 9391 1 0
3 9391 1 0
0 9466 1 0
1 9466 1 0
2 9541 1 0
3 9541 1 0
0 9616 1 0
1 9616 1 0
2 9691 1 0
1 9766 1 0
0 9766 1 0
3 9766 1 0
0 9916 1 0
2 9916 1 0
0 10066 1 0
3 10066 1 0
0 10216 1 0
2 10216 1 0
3 10366 1 0
2 10366 1 0
0 10516 1 0
1 10516 1 0
0 10666 1 0
1 10666 1 0
2 10816 1 0
3 10816 1 0
0 10966 1 0
2 10966 1 0
1 11116 1 0
3 11116 1 0
0 11266 1 0
2 11266 1 0
1 11416 1 0
3 11416 1 0
0 11566 1 0
1 11566 1 0
2 11716 1 0
3 11716 1 0
1 11866 1 0
0 11866 1 0
0 12016 1 0
1 12016 1 0
2 12166 1 0
0 12166 1 0
1 12316 1 0
3 12316 1 0
0 12466 1 0
1 12466 1 0
2 12616 1 0
3 12616 1 0
1 12766 1 0
3 12766 1 0
0 12916 1 0
2 12916 1 0
1 13066 1 0
0 13066 1 0
1 13216 1 0
2 13216 1 0
2 13366 1 0
3 13366 1 0
1 13516 1 0
3 13516 1 0
2 13666 1 0
0 13666 1 0
0 13816 1 0
2 13816 1 0
0 13966 1 0
1 13966 1 0
0 14116 1 0
1 14116 1 0
3 14266 1 0
2 14266 1 0
1 14416 1 0
2 14416 1 0
0 14566 1 0
3 14566 1 0
0 14716 1 0
3 14716 1 0
0 14866 1 0
3 14866 1 0
0 15016 1 0
3 15016 1 0
0 15166 1 0
1 15166 1 0
2 15316 1 0
3 15316 1 0
1 15466 1 0
0 15466 1 0
0 15616 1 0
1 15616 1 0
0 15766 1 0
2 15766 1 0
1 15916 1 0
3 15916 1 0
0 16066 1 0
1 16066 1 0
2 16216 1 0
3 16216 1 0
1 16366 1 0
2 16366 1 0
1 16516 1 0
2 16516 1 0
0 16666 1 0
1 16666 1 0
2 16816 1 0
3 16816 1 0
0 16966 2 17116
1 16966 1 0
3 17116 2 17266
2 17116 1 0
0 17266 2 17416
1 17266 1 0
3 17416 2 17566
2 17416 1 0
0 17566 2 17716
1 17566 1 0
2 17716 2 17866
3 17716 1 0
1 17866 2 18016
0 17866 1 0
3 18016 1 0
0 18016 1 0
2 18166 1 0
3 18166 1 0
1 18316 1 0
2 18316 1 0
0 18466 1 0
1 18466 1 0
0 18616 1 0
2 18616 1 0
1 18766 1 0
3 18766 1 0
2 18916 1 0
3 18916 1 0
1 19066 1 0
2 19066 1 0
1 19216 1 0
3 19216 1 0
0 19366 1 0
0 19666 1 0
3 19666 1 0
3 19966 1 0
1 19966 1 0
0 20116 1 0
2 20116 1 0
2 20266 1 0
1 20266 1 0
3 20416 1 0
1 20416 1 0
0 20566 1 0
2 20566 1 0
2 20716 1 0
1 20716 1 0
3 20866 1 0
1 20866 1 0
0 21016 1 0
2 21016 1 0
2 21166 1 0
1 21166 1 0
3 21316 1 0
1 21316 1 0
0 21466 1 0
1 21466 1 0
1 21616 1 0
2 21616 1 0
3 21766 1 0
1 21766 1 0
2 21916 1 0
0 21916 1 0
0 22066 1 0
1 22066 1 0
2 22216 1 0
0 22216 1 0
3 22366 1 0
1 22366 1 0
1 22666 1 0
2 22666 1 0
3 22816 1 0
1 22816 1 0
0 22966 1 0
2 22966 1 0
1 23116 1 0
2 23116 1 0
3 23266 1 0
1 23266 1 0
0 23416 1 0
2 23416 1 0
1 23566 1 0
2 23566 1 0
3 23716 1 0
1 23716 1 0
0 23866 1 0
1 23866 1 0
1 24016 1 0
2 24016 1 0
2 24166 1 0
1 24166 1 0
3 24316 1 0
1 24316 1 0
3 24766 1 0
2 24766 1 0
1 24766 1 0
0 24916 1 0
2 24916 1 0
2 25066 1 0
1 25066 1 0
3 25216 1 0
1 25216 1 0
0 25366 1 0
2 25366 1 0
2 25516 1 0
1 25516 1 0
1 25666 1 0
3 25666 1 0
2 25816 1 0
0 25816 1 0
2 25966 1 0
1 25966 1 0
1 26116 1 0
3 26116 1 0
0 26266 1 0
1 26266 1 0
1 26416 1 0
2 26416 1 0
1 26566 1 0
3 26566 1 0
2 26716 1 0
0 26716 1 0
0 26866 1 0
1 26866 1 0
2 27016 1 0
0 27016 1 0
1 27166 1 0
3 27166 1 0
0 27316 1 0
2 27316 1 0
1 27616 1 0
3 27616 1 0
0 27766 1 0
2 27766 1 0
1 27916 1 0
2 27916 1 0
1 28066 1 0
3 28066 1 0
0 28216 1 0
2 28216 1 0
1 28366 1 0
2 28366 1 0
1 28516 1 0
3 28516 1 0
0 28666 1 0
1 28666 1 0
1 28816 1 0
2 28816 1 0
3 28966 1 0
2 29041 1 0
1 29116 1 0
0 29191 1 0
3 29266 1 0
2 29341 1 0
1 29416 1 0
0 29491 1 0
3 29566 1 0
2 29641 1 0
1 29716 1 0
0 29791 1 0
3 29866 1 0
2 29866 1 0
0 29941 1 0
1 30016 1 0
2 30091 1 0
0 30166 1 0
3 30166 1 0
2 30241 1 0
1 30316 1 0
0 30391 1 0
3 30466 1 0
2 30541 1 0
1 30616 1 0
0 30616 1 0
3 30691 1 0
1 30766 1 0
0 30766 1 0
2 30841 1 0
1 30916 1 0
0 30991 1 0
3 31066 1 0
2 31141 1 0
1 31216 1 0
0 31216 1 0
3 31291 1 0
1 31366 1 0
0 31366 1 0
2 31441 1 0
1 31516 1 0
0 31591 1 0
2 31666 1 0
3 31666 1 0
1 31741 1 0
2 31816 1 0
3 31891 1 0
0 31966 1 0
1 31966 1 0
2 32041 1 0
1 32116 1 0
0 32191 1 0
3 32266 1 0
2 32341 1 0
1 32416 1 0
0 32491 1 0
3 32566 1 0
2 32641 1 0
0 32753 1 0
1 32753 1 0
1 32941 1 0
0 32941 1 0
3 33016 1 0
2 33091 1 0
0 33166 1 0
1 33241 1 0
3 33353 1 0
2 33353 1 0
2 33541 1 0
3 33541 1 0
0 33616 1 0
1 33691 1 0
3 33766 1 0
2 33841 1 0
1 33916 1 0
0 33991 1 0
3 34066 1 0
2 34141 1 0
1 34216 1 0
0 34291 1 0
2 34366 1 0
3 34366 1 0
1 34441 1 0
2 34516 1 0
3 34591 1 0
0 34666 1 0
1 34741 1 0
2 34816 1 0
3 34891 1 0
0 34966 1 0
1 34966 1 0
3 35041 1 0
2 35153 1 0
1 35153 1 0
0 35266 1 0
3 35341 1 0
2 35341 1 0
1 35416 1 0
2 35491 1 0
3 35566 1 0
2 35641 1 0
1 35716 1 0
0 35791 1 0
3 35866 1 0
2 35941 1 0
1 36016 1 0
0 36091 1 0
2 36166 1 0
3 36166 1 0
0 36241 1 0
1 36353 1 0
2 36353 1 0
3 36466 1 0
1 36541 1 0
0 36541 1 0
2 36616 1 0
1 36691 1 0
2 36766 1 0
3 36766 1 0
0 36841 1 0
1 36953 1 0
2 36953 1 0
3 37066 1 0
1 37141 1 0
0 37141 1 0
3 37216 1 0
2 37291 1 0
1 37366 1 0
0 37441 1 0
2 37516 1 0
3 37516 1 0
0 37591 1 0
2 37666 1 0
3 37666 1 0
0 37741 1 0
2 37816 1 0
3 37816 1 0
0 37891 1 0
2 37966 1 0
3 37966 1 0
1 38041 1 0
0 38041 1 0
2 38116 1 0
3 38116 1 0
1 38191 1 0
0 38191 1 0
2 38266 1 0
3 38266 1 0
1 38341 1 0
0 38341 1 0
2 38416 1 0
3 38416 1 0
0 38491 1 0
3 38566 1 0
1 38566 1 0
2 38566 2 41266
1 38866 1 0
3 38866 1 0
0 39166 1 0
0 39466 1 0
1 39766 1 0
3 39766 1 0
0 39916 1 0
0 40066 1 0
0 40366 1 0
3 40666 1 0
1 40666 1 0
0 40816 1 0
0 40966 1 0
1 41266 2 41566
3 41266 1 0
2 41566 2 41866
3 41566 1 0
0 41716 1 0
3 41866 2 42166
0 41866 1 0
0 42166 2 44866
1 42166 1 0
2 42466 1 0
3 42616 1 0
3 42766 1 0
1 42766 1 0
1 43066 1 0
2 43216 1 0
2 43366 1 0
3 43516 1 0
3 43666 1 0
1 43666 1 0
2 43966 1 0
3 44266 1 0
1 44266 1 0
2 44416 1 0
2 44566 1 0
3 44866 2 45766
1 44866 1 0
2 45016 1 0
0 45166 1 0
1 45166 1 0
2 45316 1 0
0 45466 1 0
2 45616 1 0
1 45766 2 48466
0 45766 1 0
2 46066 1 0
0 46066 1 0
3 46216 1 0
3 46366 1 0
0 46666 1 0
2 46666 1 0
3 46966 1 0
0 47116 1 0
0 47266 1 0
2 47266 1 0
3 47566 1 0
0 47866 1 0
2 47866 1 0
3 48016 1 0
3 48166 1 0
3 48466 2 49366
0 48466 1 0
0 48766 1 0
2 48766 1 0
1 49066 1 0
0 49366 2 51166
1 49366 1 0
1 49666 1 0
3 49666 1 0
2 49816 1 0
2 49966 1 0
3 50266 1 0
1 50266 1 0
2 50416 1 0
1 50566 1 0
3 50716 1 0
3 50866 1 0
1 50866 1 0
2 51166 2 52966
3 51166 1 0
1 51466 1 0
3 51466 1 0
0 51616 1 0
0 51766 1 0
1 52066 1 0
1 52216 1 0
3 52366 1 0
3 52516 1 0
0 52666 1 0
0 52816 1 0
0 52966 1 0
3 52966 1 0
1 52966 1 0
2 53116 1 0
1 53266 1 0
3 53266 1 0
2 53416 1 0
0 53566 1 0
1 53566 1 0
2 53716 1 0
3 53866 1 0
0 53866 1 0
2 54016 1 0
0 54166 1 0
1 54166 1 0
3 54316 1 0
2 54466 1 0
0 54466 1 0
3 54616 1 0
0 54766 1 0
2 54766 1 0
1 54766 1 0
3 54916 1 0
1 55066 1 0
0 55066 1 0
3 55216 1 0
2 55216 1 0
3 55366 1 0
2 55366 1 0
0 55516 1 0
3 55666 1 0
1 55666 1 0
0 55816 1 0
2 55966 1 0
3 55966 1 0
0 56116 1 0
2 56266 1 0
1 56266 1 0
1 56416 1 0
3 56566 1 0
0 56566 1 0
2 56566 1 0
3 56866 1 0
0 56866 1 0
2 57016 1 0
1 57016 1 0
3 57166 1 0
0 57166 1 0
2 57316 1 0
1 57316 1 0
1 57466 1 0
2 57466 1 0
3 57616 1 0
0 57616 1 0
2 57766 1 0
1 57766 1 0
0 57766 1 0
3 57916 1 0
1 57916 1 0
0 58066 1 0
2 58066 1 0
3 58066 1 0
1 58216 1 0
3 58216 1 0
3 58366 1 0
1 58366 1 0
0 58366 1 0
2 58516 1 0
0 58666 1 0
3 58666 1 0
2 58816 1 0
0 58816 1 0
0 58966 1 0
3 58966 1 0
1 59116 1 0
3 59116 1 0
1 59266 1 0
3 59266 1 0
0 59416 1 0
1 59566 1 0
2 59566 1 0
0 59716 1 0
3 59866 1 0
2 59866 1 0
2 60016 1 0
3 60016 1 0
1 60166 1 0
2 60166 1 0
0 60166 1 0
3 60166 1 0
3 60466 1 0
3 60616 1 0
2 60766 1 0
1 60766 1 0
2 61066 1 0
3 61066 1 0
0 61066 1 0
2 61366 1 0
2 61516 1 0
1 61666 1 0
1 61816 1 0
3 61966 1 0
0 61966 1 0
2 61966 1 0
1 62266 1 0
0 62266 1 0
3 62416 1 0
2 62416 1 0
1 62566 1 0
0 62566 1 0
2 62716 1 0
0 62866 1 0
3 62866 1 0
1 62866 1 0
3 63166 1 0
0 63166 1 0
2 63166 1 0
2 63466 1 0
1 63466 1 0
3 63466 1 0
0 63766 1 0
1 63766 1 0
2 63766 1 0
0 64066 1 0
3 64066 1 0
1 64216 1 0
3 64366 1 0
2 64366 1 0
1 64516 1 0
3 64666 1 0
0 64666 1 0
3 64816 1 0
2 64816 1 0
1 64966 1 0
0 64966 1 0
2 64966 1 0
3 65116 1 0
0 65116 1 0
1 65266 1 0
2 65266 1 0
3 65266 1 0
1 65416 1 0
2 65566 1 0
0 65566 1 0
3 65716 1 0
1 65716 1 0
0 65866 1 0
1 65866 1 0
0 66016 1 0
1 66016 1 0
3 66166 1 0
1 66316 1 0
0 66316 1 0
0 66466 1 0
2 66466 1 0
3 66466 1 0
3 66616 1 0
0 66616 1 0
0 66766 1 0
2 66766 1 0
0 66916 1 0
3 66916 1 0
2 67066 1 0
0 67066 1 0
0 67216 1 0
3 67216 1 0
0 67366 2 68266
1 67366 1 0
2 67366 1 0
3 68266 1 0
1 69166 1 0
0 69166 1 0
0 69466 1 0
1 69466 1 0
3 69766 1 0
2 69766 1 0
1 69866 1 0
2 69966 1 0
1 70066 1 0
2 70166 1 0
1 70266 1 0
2 70366 1 0
1 70466 1 0
2 70566 1 0
1 70666 1 0
2 70766 1 0
1 70866 1 0
3 70966 1 0
2 71066 1 0
3 71166 1 0
2 71266 1 0
3 71366 1 0
2 71466 1 0
1 71566 1 0
0 71666 1 0
1 71766 1 0
0 71866 1 0
1 71966 1 0
0 72066 1 0
1 72466 1 0
0 72466 1 0
2 72566 1 0
1 72666 1 0
2 72766 1 0
1 72866 1 0
2 72966 1 0
1 73066 1 0
2 73166 1 0
1 73266 1 0
3 73366 1 0
2 73466 1 0
3 73566 1 0
2 73666 1 0
3 73766 1 0
2 73866 1 0
1 73966 1 0
0 74066 1 0
1 74166 1 0
0 74266 1 0
1 74366 1 0
0 74466 1 0
3 74566 1 0
2 74566 1 0
0 74641 1 0
1 74716 1 0
2 74791 1 0
3 74866 1 0
1 74941 1 0
3 75016 1 0
2 75016 1 0
1 75091 1 0
3 75166 1 0
2 75241 1 0
1 75316 1 0
3 75391 1 0
1 75466 1 0
0 75466 1 0
3 75541 1 0
2 75616 1 0
1 75691 1 0
0 75766 1 0
2 75841 1 0
1 75916 1 0
0 75916 1 0
2 75991 1 0
0 76066 1 0
1 76141 1 0
2 76216 1 0
0 76291 1 0
3 76366 1 0
2 76366 1 0
0 76441 1 0
1 76516 1 0
2 76591 1 0
3 76666 1 0
0 76741 1 0
1 76816 1 0
2 76816 1 0
3 76891 1 0
1 76966 1 0
0 76966 1 0
3 77041 1 0
2 77116 1 0
1 77191 1 0
2 77266 1 0
0 77341 1 0
2 77416 1 0
3 77416 1 0
0 77491 1 0
1 77566 1 0
2 77641 1 0
1 77716 1 0
3 77791 1 0
1 77866 1 0
0 77866 1 0
3 77941 1 0
2 78016 1 0
1 78091 1 0
3 78166 1 0
0 78241 1 0
3 78316 1 0
2 78316 1 0
0 78391 1 0
1 78466 1 0
3 78541 1 0
2 78616 1 0
1 78691 1 0
0 78766 1 0
3 78766 1 0
2 78841 1 0
1 78916 1 0
2 78991 1 0
0 79066 1 0
3 79066 1 0
1 79141 1 0
2 79216 1 0
1 79291 1 0
0 79366 1 0
3 79366 1 0
1 79441 1 0
2 79516 1 0
3 79591 1 0
2 79666 1 0
1 79741 1 0
3 79816 1 0
2 79816 1 0
0 79891 1 0
1 79966 1 0
2 80041 1 0
3 80116 1 0
2 80191 1 0
1 80266 1 0
0 80266 1 0
3 80341 1 0
2 80416 1 0
1 80491 1 0
0 80566 1 0
1 80641 1 0
2 80716 1 0
3 80716 1 0
0 80791 1 0
1 80866 1 0
3 80941 1 0
2 81016 1 0
1 81091 1 0
0 81166 1 0
3 81166 1 0
2 81241 1 0
1 81316 1 0
2 81391 1 0
0 81466 1 0
3 81466 1 0
1 81541 1 0
2 81616 1 0
1 81691 1 0
3 81766 1 0
0 81766 1 0
2 81841 1 0
1 81916 1 0
0 81991 1 0
3 82066 1 0
2 82141 1 0
1 82216 1 0
0 82216 1 0
2 82291 1 0
3 82366 1 0
0 82441 1 0
1 82516 1 0
2 82591 1 0
3 82666 1 0
0 82666 1 0
2 82741 1 0
1 82816 1 0
3 82891 1 0
0 82966 1 0
1 83041 1 0
2 83116 1 0
3 83116 1 0
0 83191 1 0
1 83266 1 0
2 83341 1 0
3 83416 1 0
0 83566 2 83641
2 83566 1 0
0 83716 2 83791
2 83716 1 0
1 83866 2 83941
3 83866 1 0
1 84016 2 84091
3 84016 1 0
2 84166 1 0
0 84166 2 84316
1 84316 2 84466
3 84316 1 0
2 84466 2 84616
3 84466 1 0
0 84616 2 84766
1 84616 1 0
1 84766 2 84916
3 84766 1 0
3 84916 2 85066
2 84916 1 0
0 85066 2 85216
1 85066 1 0
2 85216 2 85366
3 85216 1 0
3 85366 2 85516
0 85366 1 0
1 85516 2 85666
2 85516 1 0
2 85666 2 85816
0 85666 1 0
3 85816 2 85966
1 85816 1 0
0 85966 2 86116
2 85966 1 0
1 86116 2 86266
3 86116 1 0
2 86266 2 86416
0 86266 1 0
0 86416 2 86566
3 86416 1 0
1 86566 2 86716
2 86566 1 0
3 86716 2 86866
0 86716 1 0
0 86866 2 87016
2 86866 1 0
2 87016 2 87166
1 87016 1 0
3 87166 2 87316
0 87166 1 0
1 87316 2 87466
2 87316 1 0
2 87466 2 87616
0 87466 1 0
3 87616 2 87766
1 87616 1 0
0 87766 2 87916
2 87766 1 0
1 87916 2 88066
3 87916 1 0
2 88066 2 88216
0 88066 1 0
0 88216 2 88366
3 88216 1 0
1 88366 2 88516
2 88366 1 0
3 88516 2 88666
2 88516 1 0
0 88666 2 88816
1 88666 1 0
2 88816 2 88966
3 88816 1 0
3 88966 2 89116
0 88966 1 0
1 89116 2 89266
2 89116 1 0
2 89266 2 89416
0 89266 1 0
3 89416 2 89566
1 89416 1 0
0 89566 2 89716
2 89566 1 0
1 89716 2 89866
3 89716 1 0
2 89866 2 90016
3 89866 1 0
0 90016 2 90166
1 90016 1 0
1 90166 2 90316
2 90166 1 0
3 90316 2 90466
0 90316 1 0
0 90466 2 90616
1 90466 1 0
2 90616 2 90766
3 90616 1 0
0 90766 1 0
1 90766 1 0
2 90841 1 0
3 90841 1 0
0 90916 1 0
1 90916 1 0
2 90991 1 0
3 90991 1 0
0 91066 1 0
1 91066 1 0
2 91141 1 0
3 91141 1 0
0 91216 1 0
1 91216 1 0
2 91291 1 0
3 91291 1 0
0 91366 2 93616
3 91516 1 0
3 91816 1 0
3 91966 1 0
3 92266 1 0
3 92416 1 0
1 92566 2 93766
3 92566 1 0
3 92866 1 0
3 93016 1 0
3 93316 1 0
3 93616 1 0
2 93766 1 0
3 93766 1 0
0 93766 2 96166
3 94216 1 0
2 94216 1 0
2 94516 1 0
3 94516 1 0
1 94816 1 0
2 94816 1 0
2 95266 1 0
3 95266 1 0
2 95566 1 0
3 95566 1 0
1 95866 1 0
2 95866 1 0
3 96166 1 0
1 96166 1 0
0 96316 1 0
1 96316 1 0
2 96466 1 0
3 96466 1 0
3 96766 1 0
1 96766 1 0
0 96916 1 0
1 96916 1 0
1 97216 1 0
3 97216 1 0
1 97366 1 0
0 97366 1 0
1 97666 1 0
3 97666 1 0
1 97816 1 0
0 97816 1 0
2 97966 1 0
3 97966 1 0
3 98116 1 0
1 98116 1 0
0 98266 1 0
2 98266 1 0
3 98416 1 0
0 98416 1 0
1 98566 1 0
2 98566 1 0
0 99166 1 0
2 99166 1 0
1 99316 1 0
3 99316 1 0
1 99466 1 0
0 99466 1 0
2 99616 1 0
3 99616 1 0
0 99616 1 0
