1 166 1 0
2 166 1 0
0 1666 1 0
1 1816 1 0
2 1966 1 0
3 2266 2 3766
3 4066 1 0
2 4216 1 0
1 4366 1 0
0 4666 2 6166
0 6466 1 0
1 6616 1 0
2 6766 1 0
3 7066 1 0
2 7216 1 0
1 7366 2 8266
3 8266 1 0
0 8416 1 0
3 8866 1 0
3 9166 1 0
1 9316 1 0
2 9466 1 0
3 9616 1 0
0 9766 1 0
2 9916 1 0
3 10066 1 0
1 10216 1 0
0 10366 1 0
2 10516 1 0
1 10666 1 0
3 10816 1 0
1 10966 1 0
2 11116 1 0
0 11266 1 0
1 11416 1 0
3 11566 1 0
1 11716 1 0
2 11866 1 0
3 12016 1 0
1 12166 1 0
2 12316 1 0
0 12466 1 0
1 12616 1 0
3 12766 1 0
2 12916 1 0
1 13066 1 0
2 13216 1 0
3 13366 1 0
1 13516 1 0
0 13666 1 0
2 13816 1 0
1 13966 1 0
3 14116 1 0
2 14266 1 0
1 14416 1 0
3 14566 1 0
0 14716 1 0
2 14866 1 0
1 15016 1 0
3 15166 1 0
2 15316 1 0
0 15466 1 0
1 15616 1 0
3 15766 1 0
2 15916 1 0
0 16066 1 0
1 16216 1 0
2 16366 1 0
0 16516 1 0
1 16666 1 0
2 16816 1 0
3 16966 1 0
1 17116 1 0
3 17266 1 0
1 17416 1 0
3 17566 1 0
0 17716 1 0
1 17866 1 0
3 18016 1 0
2 18166 1 0
1 18316 1 0
3 18466 1 0
2 18616 1 0
0 18766 1 0
1 18916 1 0
2 19066 1 0
0 19216 1 0
3 19366 1 0
1 19666 1 0
0 19666 1 0
3 19966 1 0
2 20116 1 0
3 20266 1 0
1 20416 1 0
2 20566 1 0
0 20716 1 0
2 20866 1 0
1 21016 1 0
0 21166 1 0
2 21316 1 0
0 21466 1 0
3 21616 1 0
1 21766 1 0
2 21916 1 0
1 22066 1 0
0 22216 1 0
2 22366 1 0
3 22666 1 0
2 22816 1 0
3 22966 1 0
0 23116 1 0
1 23266 1 0
2 23416 1 0
0 23566 1 0
3 23716 1 0
2 23866 1 0
3 24016 1 0
3 24166 1 0
1 24316 1 0
0 24766 1 0
2 24916 1 0
1 25066 1 0
2 25216 1 0
3 25366 1 0
0 25516 1 0
2 25666 1 0
3 25816 1 0
0 25966 1 0
3 26116 1 0
2 26266 1 0
1 26416 1 0
3 26566 1 0
1 26716 1 0
0 26866 1 0
1 27016 1 0
2 27166 1 0
3 27316 1 0
2 27616 1 0
3 27766 1 0
0 27916 1 0
1 28066 1 0
3 28216 1 0
0 28366 1 0
1 28516 1 0
2 28666 1 0
3 28816 1 0
2 28966 2 30166
0 29866 1 0
1 30166 2 31366
2 30616 1 0
3 30766 1 0
2 31216 1 0
0 31366 2 32566
2 31666 1 0
2 31966 1 0
3 32566 2 33766
2 32753 1 0
1 32941 1 0
0 33353 1 0
1 33541 1 0
2 33766 2 34966
1 34366 1 0
1 34966 2 36166
3 34966 1 0
2 35153 1 0
3 35341 1 0
0 36166 2 37366
3 36166 1 0
2 36353 1 0
3 36541 1 0
2 36766 1 0
1 36953 1 0
2 37141 1 0
2 37516 1 0
3 37666 1 0
2 37816 1 0
0 37966 1 0
3 38116 1 0
1 38266 1 0
2 38416 1 0
3 38566 1 0
0 38566 1 0
2 38866 1 0
1 39166 1 0
0 39466 1 0
2 39766 1 0
3 40066 1 0
1 40366 1 0
0 40666 1 0
2 40816 1 0
1 40966 1 0
3 41266 1 0
0 41266 1 0
2 41566 1 0
1 41566 1 0
0 41866 1 0
3 41866 1 0
2 42166 1 0
1 42166 1 0
3 42466 1 0
0 42766 1 0
2 43066 1 0
3 43216 1 0
1 43366 1 0
3 43666 1 0
0 43966 1 0
1 44266 1 0
2 44566 1 0
0 44866 1 0
3 44866 1 0
2 45166 1 0
1 45466 1 0
2 45616 1 0
3 45766 1 0
0 45766 1 0
1 46066 1 0
2 46366 1 0
0 46666 1 0
1 46966 1 0
0 47266 1 0
3 47566 1 0
2 47866 1 0
1 48016 1 0
0 48166 1 0
3 48466 1 0
1 48466 1 0
0 48766 1 0
1 49066 1 0
3 49366 1 0
0 49366 1 0
2 49666 1 0
0 49966 1 0
3 50266 1 0
2 50416 1 0
1 50566 1 0
0 50866 1 0
2 51166 1 0
3 51166 1 0
1 51466 1 0
2 51616 1 0
0 51766 1 0
1 52066 1 0
2 52366 1 0
1 52516 1 0
0 52666 1 0
1 52816 1 0
2 52966 1 0
3 52966 1 0
1 53266 1 0
0 53266 1 0
2 53566 1 0
1 53866 1 0
3 53866 1 0
2 54166 1 0
0 54466 1 0
3 54466 1 0
1 54766 1 0
2 54766 1 0
0 55066 1 0
3 55066 1 0
2 55216 1 0
1 55366 1 0
3 55666 1 0
0 55666 1 0
1 55966 1 0
2 56266 1 0
0 56266 1 0
1 56566 1 0
3 56566 1 0
0 56866 1 0
2 57166 1 0
1 57466 1 0
2 57616 1 0
0 57766 1 0
3 57766 1 0
1 58066 1 0
2 58066 1 0
0 58366 1 0
3 58366 1 0
1 58666 1 0
2 58966 1 0
3 59266 1 0
0 59566 1 0
3 59866 1 0
2 60016 1 0
1 60166 2 61066
0 60166 1 0
0 60766 1 0
2 61066 2 61966
3 61066 1 0
0 61366 1 0
3 61966 2 62866
0 61966 1 0
1 62266 1 0
2 62416 1 0
1 62566 1 0
0 62866 2 63166
1 63166 2 63466
2 63466 2 63766
3 63766 2 64966
0 64066 1 0
1 64366 1 0
1 64666 1 0
2 64816 1 0
0 64966 2 65266
1 64966 1 0
2 65116 1 0
1 65266 2 65566
3 65266 1 0
2 65566 2 66466
3 65566 1 0
0 65716 1 0
1 65866 1 0
1 66166 1 0
3 66466 2 67366
0 66466 1 0
2 66766 1 0
1 67066 1 0
1 67366 2 68266
2 67366 2 68266
0 67966 1 0
3 68266 2 68866
0 68266 1 0
1 68566 1 0
0 68866 1 0
1 69166 1 0
2 69166 1 0
0 69466 1 0
3 69466 1 0
0 69766 1 0
1 69866 1 0
3 69966 1 0
2 70066 1 0
0 70166 1 0
1 70266 1 0
3 70366 1 0
2 70466 1 0
0 70566 1 0
1 70666 1 0
3 70766 1 0
2 70866 1 0
0 70966 1 0
3 71066 1 0
0 71166 1 0
3 71266 1 0
0 71366 1 0
3 71466 1 0
1 71566 1 0
2 71666 1 0
1 71766 1 0
2 71866 1 0
1 71966 1 0
2 72066 1 0
1 72466 1 0
0 72566 1 0
2 72666 1 0
3 72766 1 0
1 72866 1 0
0 72966 1 0
2 73066 1 0
3 73166 1 0
1 73266 1 0
0 73366 1 0
3 73466 1 0
0 73566 1 0
3 73666 1 0
0 73766 1 0
3 73866 1 0
1 73966 1 0
2 74066 1 0
1 74166 1 0
2 74266 1 0
1 74366 1 0
2 74466 1 0
1 74566 1 0
2 74716 1 0
0 74866 1 0
1 75016 1 0
3 75166 1 0
2 75316 1 0
0 75466 1 0
1 75616 1 0
2 75766 1 0
3 75916 1 0
1 76066 1 0
3 76216 1 0
0 76366 1 0
1 76516 1 0
3 76666 1 0
2 76816 1 0
1 76966 1 0
0 77116 1 0
2 77266 1 0
3 77416 1 0
0 77566 1 0
1 77716 1 0
3 77866 1 0
1 78016 1 0
2 78166 1 0
0 78316 1 0
1 78466 1 0
2 78616 1 0
0 78766 1 0
1 78916 1 0
2 79066 1 0
3 79216 1 0
0 79366 1 0
1 79516 1 0
2 79666 1 0
0 79816 1 0
3 79966 1 0
0 80116 1 0
1 80266 1 0
2 80416 1 0
0 80566 1 0
1 80716 1 0
3 80866 1 0
0 81016 1 0
1 81166 1 0
2 81316 1 0
1 81466 1 0
3 81616 1 0
0 81766 1 0
2 81916 1 0
3 82066 1 0
1 82216 1 0
0 82366 1 0
2 82516 1 0
1 82666 1 0
3 82816 1 0
1 82966 1 0
2 83116 2 84166
0 83116 1 0
1 83266 1 0
3 83416 1 0
1 83566 1 0
0 83716 1 0
1 83866 1 0
3 84016 1 0
0 84166 1 0
1 84316 1 0
3 84466 1 0
2 84616 1 0
1 84766 1 0
0 84916 1 0
2 85066 1 0
1 85216 1 0
0 85366 1 0
3 85516 1 0
2 85666 1 0
1 85816 1 0
3 85966 1 0
0 86116 1 0
3 86266 1 0
1 86416 1 0
2 86566 1 0
1 86716 1 0
0 86866 1 0
3 87016 1 0
1 87166 1 0
2 87316 1 0
3 87466 1 0
1 87616 1 0
2 87766 1 0
1 87916 1 0
0 88066 1 0
2 88216 1 0
1 88366 1 0
3 88516 1 0
2 88666 1 0
1 88816 1 0
0 88966 1 0
1 89116 1 0
3 89266 1 0
0 89416 1 0
1 89566 1 0
2 89716 1 0
3 89866 1 0
1 90016 1 0
2 90166 1 0
0 90316 1 0
1 90466 1 0
2 90616 1 0
3 90766 1 0
0 90916 1 0
2 91066 1 0
1 91216 1 0
2 91366 2 93766
1 91516 1 0
3 91816 1 0
1 91966 1 0
3 92266 1 0
1 92416 1 0
0 92566 1 0
3 92866 1 0
1 93016 1 0
0 93316 1 0
3 93616 1 0
0 93766 1 0
1 93766 2 95116
2 94216 2 94366
3 94516 2 94666
2 94816 2 95116
0 95266 2 95416
1 95566 2 95716
2 95866 2 96166
0 96166 1 0
3 96166 1 0
1 96316 1 0
2 96466 1 0
3 96766 1 0
1 96766 1 0
2 96916 1 0
0 97216 1 0
2 97216 1 0
1 97366 1 0
3 97666 1 0
0 97666 1 0
2 97816 1 0
1 97966 1 0
0 98116 1 0
1 98266 1 0
2 98416 1 0
3 98566 1 0
3 99166 1 0
0 99166 1 0
1 99316 1 0
2 99466 1 0
0 99616 2 99916
3 99616 1 0
