0 166,  1 0
3 166  1 0
1 166  1 0
2 316  1 0
1 466  1 0
0 616  1 0
3 766  1 0
2 916  1 0
1 1066  1 0
3 1066  1 0
0 1216  1 0
3 1366  1 0
2 1516  1 0
0 1666  1 0
1 1666  1 0
0 1816  1 0
3 1816  1 0
2 1966  1 0
3 1966  1 0
1 2116  1 0
0 2266  1 0
3 2266  1 0
2 2416  1 0
1 2566  1 0
0 2716  1 0
3 2866  1 0
2 3016  1 0
1 3166  1 0
0 3316  1 0
3 3466  1 0
1 3466  1 0
2 3616  1 0
1 3766  1 0
0 3916  1 0
3 4066  1 0
2 4066  1 0
2 4216  1 0
1 4216  1 0
0 4366  2 4516
3 4366  1 0
1 4516  2 4666
3 4666  2 4816
2 4666  1 0
0 4816  2 4966
1 4966  2 5116
2 5116  2 5266
0 5266  2 5416
1 5416  2 5566
3 5566  2 5716
2 5716  2 5866
1 5866  2 6016
3 5866  1 0
0 6016  2 6166
1 6166  2 6316
2 6316  2 6466
0 6466  2 6616
3 6466  1 0
1 6616  2 6766
2 6616  1 0
3 6766  2 6916
0 6766  1 0
2 6916  2 7066
1 7066  2 7216
0 7066  1 0
2 7216  2 7366
3 7216  1 0
0 7366  1 0
1 7366  2 7516
3 7516  2 7666
2 7666  2 7816
1 7816  2 7966
0 7966  2 8116
3 8116  2 8266
2 8266  2 8416
0 8266  1 0
1 8416  2 8566
3 8416  1 0
2 8566  2 8716
0 8716  2 8866
1 8866  2 9016
3 8866  1 0
2 9016  2 9166
3 9166  2 9316
1 9166  1 0
0 9316  2 9466
1 9316  1 0
2 9466  2 9616
3 9466  1 0
1 9616  2 9766
0 9616  1 0
2 9766  1 0
3 9766  1 0
1 9916  1 0
0 10066  1 0
1 10216  1 0
2 10366  1 0
3 10366  1 0
2 10516  1 0
1 10516  1 0
1 10666  1 0
0 10666  1 0
3 10816  1 0
2 10816  1 0
0 10966  1 0
1 11116  1 0
3 11266  1 0
2 11416  1 0
1 11566  1 0
3 11716  1 0
0 11716  1 0
1 11866  1 0
2 12016  1 0
3 12016  1 0
1 12166  1 0
0 12316  1 0
2 12316  1 0
1 12466  1 0
3 12616  1 0
0 12616  1 0
2 12766  1 0
3 12916  1 0
1 13066  1 0
0 13216  1 0
1 13366  1 0
2 13516  1 0
0 13516  1 0
3 13666  1 0
1 13666  1 0
2 13816  1 0
3 13816  1 0
1 13966  1 0
0 13966  1 0
3 14116  1 0
1 14266  1 0
2 14266  1 0
0 14416  1 0
3 14416  1 0
2 14566  1 0
1 14716  1 0
0 14866  1 0
1 15016  1 0
2 15166  1 0
0 15316  1 0
3 15316  1 0
2 15466  1 0
1 15616  1 0
0 15616  1 0
3 15766  1 0
1 15916  1 0
2 15916  1 0
0 16066  1 0
2 16216  1 0
3 16216  1 0
1 16366  1 0
0 16516  1 0
1 16666  1 0
2 16816  1 0
3 16966  1 0
1 16966  2 17116 
0 17116  2 17266 
2 17266  2 17416 
3 17266  1 0
1 17416  2 17566 
3 17566  2 17716 
0 17566  1 0
2 17716  2 17866 
0 17866  1 0
1 17866  1 0
3 18016  1 0
1 18166  1 0
0 18316  1 0
2 18466  1 0
3 18616  1 0
1 18766  1 0
0 18916  1 0
1 19066  1 0
2 19216  1 0
0 19366  2 19666
3 19366  1 0
2 19666  1 0
3 19966  1 0
2 20116  1 0
1 20116  1 0
3 20266  1 0
0 20416  1 0
2 20416  1 0
1 20566  1 0
0 20716  1 0
2 20716  1 0
3 20866  1 0
2 21016  1 0
1 21016  1 0
3 21166  1 0
2 21316  1 0
0 21316  1 0
1 21466  1 0
0 21616  1 0
2 21616  1 0
3 21766  1 0
2 21916  1 0
1 21916  1 0
3 22066  1 0
1 22216  1 0
0 22216  1 0
3 22366  1 0
2 22366  1 0
2 22666  1 0
0 22816  1 0
1 22816  1 0
3 22966  1 0
1 23116  1 0
2 23116  1 0
3 23266  1 0
0 23416  1 0
2 23416  1 0
3 23566  1 0
0 23716  1 0
1 23716  1 0
3 23866  1 0
2 24016  1 0
1 24016  1 0
0 24166  1 0
1 24166  1 0
3 24316  1 0
2 24316  1 0
0 24766  1 0
2 24766  1 0
1 24916  1 0
3 24916  1 0
2 25066  1 0
0 25216  1 0
1 25216  1 0
2 25366  1 0
1 25516  1 0
3 25516  1 0
0 25666  1 0
1 25816  1 0
3 25816  1 0
2 25966  1 0
1 26116  1 0
0 26116  1 0
2 26266  1 0
3 26416  1 0
1 26416  1 0
0 26566  1 0
3 26716  1 0
1 26716  1 0
2 26866  1 0
3 27016  1 0
0 27016  1 0
2 27166  1 0
1 27316  1 0
0 27316  1 0
0 27616  1 0
1 27616  1 0
2 27766  1 0
0 27916  1 0
3 27916  1 0
2 28066  1 0
0 28216  1 0
1 28216  1 0
3 28366  1 0
2 28516  1 0
0 28516  1 0
3 28666  1 0
0 28816  1 0
1 28816  1 0
3 28966  1 0
2 29041  1 0
1 29116  1 0
0 29191  1 0
3 29266  1 0
2 29341  1 0
1 29416  1 0
0 29491  1 0
3 29566  1 0
2 29641  1 0
1 29716  1 0
0 29791  1 0
2 29866  1 0
3 29941  1 0
0 30016  1 0
1 30091  1 0
3 30166  1 0
2 30241  1 0
1 30316  1 0
0 30391  1 0
3 30466  1 0
2 30541  1 0
0 30616  1 0
1 30691  1 0
3 30766  1 0
2 30841  1 0
1 30916  1 0
0 30991  1 0
3 31066  1 0
2 31141  1 0
0 31216  1 0
1 31291  1 0
3 31366  1 0
2 31441  1 0
1 31516  1 0
0 31591  1 0
2 31666  1 0
3 31741  1 0
0 31816  1 0
1 31891  1 0
3 31966  1 0
2 32041  1 0
1 32116  1 0
0 32191  1 0
3 32266  1 0
2 32341  1 0
1 32416  1 0
0 32491  1 0
3 32566  1 0
2 32641  1 0
0 32716  1 0
1 32791  1 0
3 32866  1 0
2 32941  1 0
0 33016  1 0
1 33091  1 0
2 33166  1 0
3 33241  1 0
0 33316  1 0
1 33391  1 0
3 33466  1 0
2 33541  1 0
0 33616  1 0
1 33691  1 0
2 33766  1 0
3 33841  1 0
0 33916  1 0
1 33991  1 0
2 34066  1 0
3 34141  1 0
0 34216  1 0
1 34291  1 0
3 34366  1 0
2 34441  1 0
1 34516  1 0
0 34591  1 0
3 34666  1 0
2 34741  1 0
1 34816  1 0
0 34891  1 0
2 34966  1 0
3 35041  1 0
0 35116  1 0
1 35191  1 0
3 35266  1 0
2 35341  1 0
0 35416  1 0
1 35491  1 0
2 35566  1 0
3 35641  1 0
0 35716  1 0
1 35791  1 0
2 35866  1 0
3 35941  1 0
0 36016  1 0
1 36091  1 0
3 36166  1 0
2 36241  1 0
0 36316  1 0
1 36391  1 0
3 36466  1 0
2 36541  1 0
0 36616  1 0
1 36691  1 0
2 36766  1 0
3 36841  1 0
1 36916  1 0
0 36991  1 0
2 37066  1 0
3 37141  1 0
0 37216  1 0
1 37291  1 0
2 37366  1 0
1 37516  1 0
0 37516  1 0
3 37666  1 0
2 37666  1 0
0 37816  1 0
1 37816  1 0
2 37966  1 0
3 37966  1 0
1 38041  1 0
0 38116  1 0
2 38191  1 0
1 38266  1 0
3 38341  1 0
0 38416  1 0
1 38491  1 0
3 38566  2 41266
0 38566  1 0
2 38566  1 0
0 38866  1 0
2 39166  1 0
0 39466  1 0
1 39766  1 0
2 39916  1 0
0 40066  1 0
1 40366  1 0
2 40666  1 0
1 40816  1 0
0 40966  1 0
0 41266  2 41566:1 
1 41566  2 41866:1 
2 41716  1 0
3 41866  2 42166:1 
2 42166  2 44866:1 
0 42466  1 0
1 42616  1 0
3 42766  1 0
1 43066  1 0
0 43216  1 0
3 43366  1 0
0 43516  1 0
1 43666  1 0
3 43966  1 0
0 44266  1 0
3 44416  1 0
0 44566  1 0
1 44866  2 45766
0 45016  1 0
3 45166  1 0
0 45316  1 0
2 45466  1 0
3 45616  1 0
0 45766  2 48466
2 46066  1 0
1 46216  1 0
3 46366  1 0
1 46666  1 0
2 46966  1 0
1 47116  1 0
2 47266  1 0
3 47566  1 0
1 47866  1 0
2 48016  1 0
3 48166  1 0
2 48466  2 49366
0 48766  1 0
1 49066  1 0
3 49366  2 51166
0 49666  1 0
2 49816  1 0
1 49966  1 0
2 50266  1 0
0 50416  1 0
1 50566  1 0
0 50716  1 0
2 50866  1 0
1 51166  2 52966
3 51466  1 0
2 51616  1 0
0 51766  1 0
2 52066  1 0
0 52216  1 0
3 52366  1 0
0 52516  1 0
2 52666  1 0
3 52816  1 0
0 52966  2 54766
2 52966  1 0
1 53266  1 0
2 53416  1 0
3 53566  1 0
2 53716  1 0
1 53866  1 0
3 54016  1 0
1 54166  1 0
2 54316  1 0
3 54466  1 0
2 54616  1 0
1 54766  2 55666
3 54916  1 0
0 55066  1 0
2 55216  1 0
0 55366  1 0
3 55516  1 0
2 55666  2 56566
0 55966  1 0
1 56116  1 0
3 56266  1 0
1 56416  1 0
3 56566  2 57766
0 56566  1 0
1 56866  1 0
2 57016  1 0
0 57166  1 0
1 57316  1 0
0 57466  1 0
2 57616  1 0
1 57766  2 58066
0 57916  1 0
2 58066  2 58366
3 58216  1 0
0 58366  2 60166
1 58516  1 0
2 58666  1 0
3 58816  1 0
1 58966  1 0
2 59116  1 0
3 59266  1 0
2 59416  1 0
1 59566  1 0
3 59716  1 0
2 59866  1 0
1 60016  1 0
2 60166  2 61066
3 60166  1 0
0 60466  1 0
1 60616  1 0
3 60766  1 0
1 61066  2 61966
0 61066  1 0
3 61366  1 0
0 61516  1 0
2 61666  1 0
0 61816  1 0
3 61966  2 62866
2 61966  1 0
0 62266  1 0
1 62416  1 0
2 62566  1 0
1 62716  1 0
0 62866  2 63166
2 62866  1 0
1 63166  2 63466
3 63166  1 0
3 63466  2 63766
0 63466  1 0
2 63766  2 64966
1 63766  1 0
0 64066  1 0
1 64216  1 0
3 64366  1 0
0 64516  1 0
1 64666  1 0
3 64816  1 0
1 64966  2 65266
0 65116  1 0
3 65266  2 65566
2 65416  1 0
0 65566  2 66466
1 65716  1 0
3 65866  1 0
2 66016  1 0
3 66166  1 0
1 66316  1 0
2 66466  2 67366
3 66466  1 0
1 66616  1 0
0 66766  1 0
3 66766  1 0
1 66916  1 0
0 67066  1 0
3 67066  1 0
1 67216  1 0
0 67366  2 69766
3 67366  1 0
3 67966  1 0
2 68266  1 0
1 68866  1 0
2 69166  1 0
3 69466  1 0
1 69766  1 0
3 69766  1 0
2 69866  1 0
3 69966  1 0
0 70066  1 0
1 70166  1 0
2 70266  1 0
3 70366  1 0
0 70466  1 0
1 70566  1 0
2 70666  1 0
3 70766  1 0
0 70866  1 0
1 70966  1 0
0 71066  1 0
3 71166  1 0
2 71266  1 0
1 71366  1 0
0 71466  1 0
1 71566  1 0
2 71666  1 0
0 71766  1 0
3 71866  1 0
1 71966  1 0
2 72066  1 0
2 72466  1 0
0 72466  1 0
1 72566  1 0
3 72666  1 0
0 72766  1 0
2 72866  1 0
1 72966  1 0
3 73066  1 0
0 73166  1 0
2 73266  1 0
1 73366  1 0
2 73466  1 0
3 73566  1 0
0 73666  1 0
1 73766  1 0
2 73866  1 0
3 73966  1 0
2 74066  1 0
1 74166  1 0
0 74266  1 0
3 74366  1 0
2 74466  1 0
0 74566  1 0
3 74566  1 0
1 74716  1 0
2 74866  1 0
3 75016  1 0
0 75016  1 0
1 75166  1 0
2 75316  1 0
1 75466  1 0
3 75466  1 0
0 75616  1 0
2 75766  1 0
3 75916  1 0
1 75916  1 0
0 76066  1 0
2 76216  1 0
3 76366  1 0
0 76366  1 0
1 76516  1 0
2 76666  1 0
1 76816  1 0
3 76816  1 0
2 76966  1 0
0 76966  1 0
1 77116  1 0
2 77266  1 0
3 77416  1 0
0 77416  1 0
1 77566  1 0
2 77716  1 0
1 77866  1 0
0 77866  1 0
3 78016  1 0
0 78166  1 0
1 78316  1 0
2 78316  1 0
3 78466  1 0
0 78616  1 0
3 78766  2 78916
2 78766  1 0
1 78916  2 79066
0 79066  2 79216
3 79066  1 0
1 79216  2 79366
3 79366  2 79516
2 79366  1 0
1 79516  2 79666
2 79666  2 79816
3 79816  2 79966
0 79816  1 0
1 79966  2 80116
0 80116  2 80266
3 80266  2 80416
1 80266  1 0
2 80416  2 80566
0 80566  2 80716
1 80716  2 80866
2 80716  1 0
3 80866  2 81016
2 81016  2 81166
1 81166  2 81316
3 81166  1 0
0 81316  2 81466
3 81466  2 81616
2 81466  1 0
1 81616  2 81766
2 81766  2 81916
3 81766  1 0
0 81916  2 82066
3 82066  2 82216
1 82216  2 82366
0 82216  1 0
2 82366  2 82516
3 82516  2 82666
0 82666  2 82816
1 82666  1 0
2 82816  2 82966
1 82966  2 83116
0 83116  2 83266
3 83116  1 0
2 83266  2 83416
1 83416  2 83566
3 83566  2 83716
2 83566  1 0
0 83716  2 83866
1 83716  1 0
2 83866  2 84016
3 83866  1 0
1 84016  2 84166
0 84016  1 0
2 84166  1 0
3 84166  1 0
1 84316  1 0
2 84466  1 0
3 84616  1 0
1 84616  1 0
0 84766  1 0
2 84916  1 0
0 85066  1 0
1 85066  1 0
2 85216  1 0
3 85366  1 0
0 85516  1 0
1 85516  1 0
3 85666  1 0
2 85666  1 0
0 85816  1 0
1 85816  1 0
3 85966  1 0
0 85966  1 0
2 86116  1 0
1 86266  1 0
0 86416  1 0
2 86416  1 0
3 86566  1 0
1 86566  1 0
0 86716  1 0
3 86866  1 0
2 87016  1 0
0 87016  1 0
1 87166  1 0
2 87316  1 0
1 87466  1 0
3 87466  1 0
0 87616  1 0
2 87766  2 87916
3 87916  2 88066
1 88066  2 88216
0 88066  1 0
2 88216  2 88366
0 88366  2 88516
3 88366  1 0
1 88516  2 88666
2 88666  1 0
3 88816  1 0
0 88816  1 0
2 88966  1 0
1 88966  1 0
0 89116  1 0
2 89266  1 0
3 89416  1 0
1 89416  1 0
0 89566  1 0
2 89716  1 0
0 89866  1 0
3 89866  1 0
1 90016  1 0
2 90166  1 0
1 90316  1 0
0 90316  1 0
2 90466  1 0
3 90466  1 0
1 90616  1 0
0 90616  1 0
3 90766  1 0
2 90766  1 0
0 90841  1 0
1 90916  1 0
2 90991  1 0
0 91066  1 0
1 91066  1 0
3 91141  1 0
2 91216  1 0
1 91291  1 0
0 91366  2 93766
1 91516  1 0
1 91816  1 0
2 91966  1 0
1 92266  1 0
2 92416  1 0
3 92566  1 0
1 92866  1 0
2 93016  1 0
1 93316  1 0
1 93616  1 0
3 93766  2 96166
2 93766  1 0
2 94216  2 94366
2 94516  2 94666
1 94816  2 94966
2 95266  2 95416
2 95566  2 95716
1 95866  2 96016
0 96166  1 0
2 96166  1 0
1 96316  1 0
2 96316  1 0
1 96466  1 0
3 96466  1 0
2 96766  1 0
0 96766  1 0
3 96916  1 0
1 96916  1 0
2 97216  1 0
0 97216  1 0
3 97366  1 0
1 97366  1 0
0 97666  1 0
2 97666  1 0
1 97816  1 0
3 97816  1 0
3 97966  1 0
2 97966  1 0
0 98116  1 0
1 98116  1 0
3 98266  1 0
1 98266  1 0
0 98416  1 0
2 98416  1 0
1 98566  1 0
2 98566  1 0
1 99166  1 0
3 99166  1 0
0 99316  1 0
2 99316  1 0
3 99466  1 0
1 99466  1 0
3 99616  1 0
0 99616  1 0
2 99616  1 0
