1 808 2 1264 
2 1264 1 0 
0 1569 1 0 
3 1873 1 0 
1 2178 1 0 
2 2483 2 2939 
3 2939 1 0 
1 3244 2 3701 
2 3701 1 0 
0 4005 1 0 
3 4310 1 0 
1 4615 1 0 
2 4919 2 5376 
0 5376 1 0 
3 5681 1 0 
1 5681 1 0 
0 5985 1 0 
3 6290 1 0 
0 6594 1 0 
1 6899 1 0 
2 7203 1 0 
1 7508 1 0 
2 7813 1 0 
3 8117 1 0 
0 8117 1 0 
1 8422 1 0 
2 8726 1 0 
3 9031 1 0 
1 9335 2 9640 
2 9640 2 9945 
0 9945 2 10249 
3 10249 2 10554 
2 10249 1 0 
1 10554 1 0 
2 10858 1 0 
0 11011 1 0 
2 11315 1 0 
3 11467 1 0 
1 11620 1 0 
2 11924 1 0 
3 12077 1 0 
0 12229 1 0 
1 12533 1 0 
3 12686 1 0 
2 12990 1 0 
0 12990 1 0 
3 13295 1 0 
1 13447 1 0 
3 13752 1 0 
2 13904 1 0 
0 14056 1 0 
2 14361 1 0 
3 14513 1 0 
1 14665 1 0 
0 14970 1 0 
3 15122 1 0 
1 15427 1 0 
2 15427 1 0 
0 15731 1 0 
3 15884 1 0 
1 16188 1 0 
0 16340 1 0 
2 16493 1 0 
0 16797 1 0 
3 16950 1 0 
1 17102 1 0 
2 17406 1 0 
0 17559 1 0 
1 17863 1 0 
2 17863 1 0 
3 18168 1 0 
1 18320 1 0 
0 18625 1 0 
2 18777 1 0 
1 18929 1 0 
2 19234 1 0 
3 19386 1 0 
0 19691 1 0 
2 19995 1 0 
1 20300 1 0 
0 20300 1 0
3 20604 1 0 
2 20909 1 0 
0 21214 1 0 
3 21518 1 0 
1 21823 1 0 
2 22127 1 0 
0 22432 1 0 
1 22584 1 0 
3 22736 1 0 
0 23041 1 0 
2 23346 1 0 
1 23650 1 0 
3 23955 1 0 
1 24259 1 0 
2 24564 2 24868 
0 24868 2 25173 
3 25173 1 0 
1 25478 1 0 
2 25782 2 26239 
3 26239 1 0 
2 26696 1 0 
1 27000 2 27610 
0 27610 1 0 
1 27914 1 0 
2 28219 2 28523 
3 28523 1 0 
1 28676 1 0 
2 28980 1 0 
0 29132 1 0 
1 29437 1 0 
3 29589 1 0 
2 30046 1 1 
1 30046 1 0 
0 30351 1 0 
2 30655 1 0 
1 30960 1 0 
2 31112 1 0 
3 31417 1 0 
0 31569 1 0 
2 31873 1 0 
1 32178 1 0 
3 32330 1 0 
0 32483 1 0 
1 32787 1 0 
2 33092 1 0 
3 33396 1 0 
1 33549 1 0 
0 33853 1 0 
3 34005 1 0 
2 34310 1 0 
1 34615 1 0 
2 34767 1 0 
0 34919 1 0 
3 34919 1 0 
1 35224 2 35528 
2 35528 2 35985 
0 35985 1 0 
3 36442 2 36747 
1 36747 2 37356 
0 37356 1 0 
2 37660 2 37965 
0 37965 2 38269 
1 38269 1 0 
3 38422 1 0 
2 38879 1 0 
0 39183 1 0 
3 39488 1 0 
2 39488 1 0 
1 39792 1 0 
0 39792 1 0 
2 40097 1 0 
3 40401 1 0 
0 40706 1 0 
1 40858 1 0 
2 41163 1 0 
0 41315 1 0 
2 41620 1 0 
1 41772 1 0 
3 41924 1 0 
0 42229 2 42533 
2 42533 1 0 
3 42838 1 0 
1 43143 1 0 
2 43295 1 0 
1 43599 1 0 
0 43752 1 0 
2 44056 1 0 
3 44209 1 0 
1 44361 1 0 
3 44665 2 44970 
1 44970 1 0 
2 45275 1 0 
0 45579 1 0 
1 45731 1 0 
3 46036 1 0 
1 46188 1 0 
0 46493 1 0 
2 46645 1 0 
3 46797 1 0 
0 47102 2 49538 
2 47711 1 0 
3 48168 1 0 
2 48472 1 0 
1 48777 1 0 
3 48929 1 0 
2 49234 1 0 
3 49538 2 51975 
1 50148 1 0 
2 50604 1 0 
0 50909 1 0 
2 51214 1 0 
1 51366 1 0 
0 51670 1 0 
1 51975 2 54412 
3 52584 1 0 
2 53041 1 0 
0 53346 1 0 
2 53650 1 0 
3 53802 1 0 
0 54107 1 0 
3 54412 2 55021 
0 55021 2 55478 
2 55478 1 0 
3 55478 1 0 
1 55934 1 0 
3 56239 1 0 
0 56544 1 0 
3 56848 1 0 
1 56848 1 0 
1 57153 1 0 
1 57457 1 0 
0 57762 1 0 
2 58066 1 0 
1 58371 1 0 
2 58523 1 0 
0 58828 1 0 
3 58980 1 0 
0 59285 1 0 
2 59285 1 0 
2 59589 1 0 
2 59894 1 0 
1 60198 1 0 
3 60503 1 0 
0 60808 1 0 
2 60960 1 0 
3 61264 1 0 
1 61417 1 0 
2 61721 1 0 
0 61721 1 0
1 62026 1 0 
3 62330 1 0 
0 62635 1 0 
1 62939 1 0 
3 63244 1 0 
2 63396 1 0 
0 63701 1 0 
1 63853 1 0 
3 64158 1 0 
1 64462 1 0 
2 64767 1 0 
3 65071 1 0 
1 65376 1 0 
0 65681 1 0 
1 65985 1 0 
2 66290 1 0 
3 66594 1 1 
1 66594 1 0 
1 66899 1 0 
1 67203 1 0 
3 67508 1 0 
0 67813 1 0 
3 68117 1 0 
2 68269 1 0 
0 68574 1 0 
2 68726 1 0 
3 69031 1 0 
1 69031 1 0 
3 69335 1 0 
3 69640 1 0 
1 69945 1 0 
2 70249 1 0 
0 70554 1 0 
1 70706 1 0 
3 71011 1 0 
0 71163 1 0 
2 71467 2 72686 
3 71467 1 0 
1 71924 1 0 
0 72077 1 0 
0 72686 2 73904 
1 72686 1 0 
3 73143 1 0 
1 73295 1 0 
2 73904 1 0 
3 73904 1 0 
1 74209 1 0 
3 74361 1 0 
0 74665 1 0 
2 74818 1 0 
1 74970 1 0 
2 75275 1 0 
3 75427 1 0 
1 75579 2 76036 
2 76036 1 0 
0 76340 1 0 
3 76340 1 0 
2 76645 1 0 
1 76797 1 0 
0 77102 1 0 
3 77254 1 0 
2 77406 1 0 
1 77711 1 0 
0 77863 1 0 
2 78016 2 78472 
1 78472 1 0 
0 78777 1 0 
3 78777 1 0 
2 79082 1 0 
1 79234 1 0 
3 79538 1 0 
0 79691 1 0 
2 79843 1 0 
3 80148 1 0 
1 80300 1 0 
2 80452 1 0 
3 80757 1 0 
0 80909 1 0 
1 81214 1 0 
2 81214 1 0 
3 81518 1 0 
0 81670 1 0 
2 81975 1 0 
1 82127 2 82736 
3 82736 1 0 
0 83041 1 0 
2 83346 1 0 
3 83650 2 85782 
1 83650 1 0 
1 85782 1 0 
2 85782 1 0 
3 86087 1 0 
0 86087 1 0 
3 88219 1 0 
0 88219 1 0 
2 88523 1 0 
1 88523 1 0 
0 88980 1 0 
2 89132 2 89589 
3 89589 1 0 
0 89894 1 0 
2 90198 1 0 
1 90351 2 90960 
3 90960 1 0 
2 91417 1 0 
0 91569 2 91873 
1 91873 1 0 
3 92026 1 0 
2 92330 1 0 
0 92483 1 0 
1 92787 1 0 
3 92939 1 0 
0 93396 1 0 
2 93396 1 0 
3 93701 1 0 
1 94005 1 0 
2 94310 1 0 
1 94462 1 0 
3 94767 1 0 
0 94919 1 0 
1 95224 1 0 
2 95528 1 0 
0 95681 1 0 
3 95833 1 0 
2 96137 1 0 
1 96442 1 0 
0 96747 1 0 
2 96899 1 0 
3 97203 1 0 
1 97356 1 0 
2 97660 1 0 
0 97965 1 0 
1 98117 1 0 
3 98269 1 0 
0 98574 2 98879 
2 98879 2 99335 
3 99335 1 0 
1 99792 2 100097 
3 100097 2 100706 
0 100706 1 0 
2 101011 2 101315 
0 101315 2 101620 
3 101620 1 0 
1 101772 1 0 
2 102229 1 0 
0 102533 1 0 
3 102838 1 0 
1 102838 1 0 
2 103143 1 0 
0 103143 1 0 
1 103447 1 0 
0 103752 1 0 
3 104056 1 0 
2 104209 1 0 
0 104513 1 0 
3 104665 1 0 
1 104970 1 0 
2 105122 1 0 
3 105275 1 0 
1 105579 2 105884 
2 105884 1 0 
0 106188 1 0 
2 106493 1 0 
1 106645 1 0 
2 106950 1 0 
3 107102 1 0 
0 107406 1 0 
1 107559 1 0 
3 107711 1 0 
0 108016 2 108320 
2 108320 1 0 
1 108625 1 0 
3 108929 1 0 
2 109082 2 109386 
0 109386 1 0 
1 109538 1 0 
3 109843 1 0 
2 109995 1 0 
0 110148 1 0 
3 110452 2 112889 
1 111061 1 0 
0 111518 1 0 
2 111823 1 0 
0 112127 1 0 
1 112280 1 0 
2 112584 1 0 
0 112889 2 115325 
2 113498 1 0 
1 113955 1 0 
3 114259 1 0 
1 114564 1 0 
2 114716 1 0 
3 115021 1 0 
2 115325 2 117762 
0 115934 1 0 
1 116391 1 0 
3 116696 1 0 
0 117000 1 0 
1 117153 1 0 
3 117457 1 0 
0 117762 2 118371 
3 118371 2 118828 
0 118828 1 0 
1 118828 1 0 
2 119285 1 0 
0 119589 1 0 
3 119894 1 0 
0 120198 1 0 
2 120198 1 0 
0 120503 1 0 
0 120808 1 0 
2 121112 1 0 
1 121417 1 0 
0 121721 1 0 
3 121873 1 0 
2 122178 1 0 
0 122330 1 0 
3 122635 1 0 
1 122635 1 0 
3 122939 1 0 
3 123244 1 0 
0 123549 1 0 
2 123853 1 0 
1 124158 1 0 
3 124310 1 0 
0 124615 1 0 
2 124767 1 0 
0 125071 1 0 
1 125071 1 0 
2 125376 1 0 
1 125681 1 0 
3 125985 1 0 
0 126290 1 0 
2 126594 1 0 
1 126747 1 0 
3 127051 1 0 
0 127203 1 0 
2 127508 1 0 
1 127813 1 0 
3 128117 1 0 
0 128422 1 0 
1 128726 1 0 
3 129031 1 0 
2 129335 1 0 
1 129640 1 0 
0 129945 1 0 
2 129945 1 0 
2 130249 1 0 
2 130554 1 0 
3 130858 1 0 
0 131163 1 0 
3 131467 1 0 
1 131620 1 0 
0 131924 1 0 
2 132077 1 0 
3 132381 1 0 
1 132381 1 0 
1 132686 1 0 
1 132990 1 0 
0 133295 1 0 
3 133599 1 0 
1 133904 1 0 
2 134056 1 0 
0 134361 1 0 
3 134513 1 0 
1 134818 2 136036 
0 134818 1 0 
2 135275 1 0 
0 135427 1 0 
3 136036 2 137254 
2 136036 1 0 
0 136493 1 0 
2 136645 1 0 
0 137254 1 0 
1 137254 1 0 
2 137559 1 0 
3 137863 1 0 
2 138016 1 0 
1 138168 1 0 
3 138472 1 0 
2 138625 1 0 
0 138777 1 0 
1 139082 2 139386 
2 139386 2 139691 
3 139691 2 140300 
1 140300 2 140604 
0 140604 2 140909 
2 140909 1 0 
3 140909 1 0 
1 141214 1 0 
2 141518 1 0 
0 141823 1 0 
3 142127 1 0 
1 142280 1 0 
0 142736 1 0 
2 142736 1 0 
3 143041 1 0 
1 143193 1 0 
2 143346 1 0 
1 143650 1 0 
2 143955 1 0 
0 144107 2 144564 
3 144107 2 144564 
1 144564 1 0 
2 144716 1 0 
3 145173 1 0 
1 145173 1 0 
0 145478 1 0 
2 145630 1 0 
1 145782 1 0 
2 146087 1 0 
1 146391 1 0 
0 146544 2 147000 
3 146544 2 147000 
2 147000 1 0 
1 147153 1 0 
3 147610 1 0 
0 147610 1 0 
2 147914 1 0 
1 148066 1 0 
3 148219 1 0 
2 148523 1 0 
1 148828 1 0 
0 148980 2 149437 
3 148980 2 149437 
1 149437 1 0 
2 149589 1 0 
3 150046 1 0 
0 150046 1 0 
1 150351 1 0 
2 150503 1 0 
0 150655 1 0 
3 150960 1 0 
1 151264 1 0 
2 151569 1 0 
0 151873 1 0 
3 151873 1 0 
1 152178 1 0 
2 152330 1 0 
0 152635 1 0 
2 152787 1 0 
1 152939 1 0 
2 153244 1 0 
3 153396 1 0 
0 153549 1 0 
3 153853 1 0 
1 154005 1 0 
2 154310 1 0 
3 154615 1 0 
1 154767 1 0 
2 155071 1 0 
0 155224 1 0 
1 155376 1 0 
2 155681 1 0 
3 155833 1 0 
1 155985 1 0 
0 156290 1 0 
2 156442 1 0 
1 156747 1 0 
3 156747 1 0 
2 157051 1 0 
0 157203 1 0 
2 157508 1 0 
3 157660 1 0 
1 157813 1 0 
3 158117 1 0 
2 158269 1 0 
0 158422 1 0 
1 158726 1 0 
3 158879 1 0 
2 159183 2 159792 
1 159488 1 0 
3 159792 2 160401 
0 160097 1 0 
1 160401 2 161011 
2 160706 1 0 
0 161011 2 161620 
3 161620 1 0 
1 161620 1 0 
0 161924 1 0 
1 162077 1 0 
3 162381 1 0 
2 162533 1 0 
0 162686 1 0 
2 162990 1 0 
3 163143 1 0 
1 163295 1 0 
0 163599 1 0 
2 163752 1 0 
1 164056 1 0 
3 164361 1 0 
1 164513 1 0 
0 164818 1 0 
2 164970 1 0 
1 165122 1 0 
0 165427 1 0 
3 165579 1 0 
2 165731 1 0 
0 166036 1 0 
2 166188 1 0 
1 166493 1 0 
3 166493 1 0 
2 166797 1 0 
1 166950 1 0 
0 167102 1 0 
1 167406 1 0 
2 167559 1 0 
0 167711 1 0 
2 168016 1 0 
3 168168 1 0 
1 168320 1 0 
2 168625 1 0 
1 168777 1 0 
3 168929 1 0 
0 168929 1 0 
1 169234 1 0 
3 169538 1 0 
0 169843 1 0 
2 170148 1 0 
0 170452 1 0 
3 170757 1 0 
1 171061 1 0 
2 171366 1 0 
0 171366 1 0 
3 171975 1 0 
2 172432 1 0 
0 172584 1 0 
1 172889 1 0 
3 173193 1 0 
1 173802 1 0 
3 174412 1 0 
2 174868 1 0 
0 175021 1 0 
1 175325 1 0 
3 175630 1 0 
1 176239 1 0 
2 176239 1 0 
0 176848 1 0 
3 177305 1 0 
1 177457 1 0 
2 177762 1 0 
0 178066 1 0 
2 178676 1 0 
0 179285 1 0 
2 179589 1 0 
0 179894 1 0 
2 180198 1 0 
1 180503 1 0 
3 180808 1 0 
0 181112 1 0 
1 181112 1 0 
2 181721 1 0 
1 182178 1 0 
3 182330 1 0 
2 182635 1 0 
0 182939 1 0 
2 183549 1 0 
0 184158 1 0 
1 184615 1 0 
3 184767 1 0 
2 185071 1 0 
0 185376 1 0 
1 185985 1 0 
3 185985 1 0 
2 186594 1 0 
1 187051 1 0 
2 187203 1 0 
0 187508 1 0 
3 187813 1 0 
1 188422 1 0 
2 189031 1 0 
1 189488 1 0 
3 189640 1 0 
0 189945 1 0 
2 189945 1 0 
3 190401 1 0 
1 190401 1 0 
0 190858 1 0 
2 190858 1 0 
1 191163 1 0 
3 191467 1 0 
1 191772 1 0 
2 192077 1 0 
0 192381 1 0 
3 192686 1 0 
1 192990 1 0 
2 193295 1 0 
3 193599 1 0 
1 193904 1 0 
2 194209 1 0 
0 194513 1 0 
3 194818 1 0 
1 195122 1 0 
2 195427 1 0 
0 195731 1 0 
3 195731 1 0 
1 196036 1 0 
3 196340 1 0 
0 196645 1 0 
2 196797 1 0 
1 197102 1 0 
2 197254 2 197559 
3 197559 1 0 
0 197559 1 0 
1 198777 1 0 
0 198777 1 0 
2 199234 1 0 
3 199234 1 0 
0 200604 1 0 
3 200604 1 0 
1 201823 1 0 
2 202280 1 0 
0 202584 1 0 
3 202736 1 0 
1 203041 2 204259 
2 203041 1 0 
0 204259 1 0 
2 204716 1 0 
1 205021 1 0 
3 205173 2 205478 
2 205478 1 0 
0 205478 1 0 
1 205782 1 0 
3 206087 1 0 
0 206391 1 0 
2 206696 1 0 
1 207000 1 0 
2 207153 1 0 
3 207457 1 0 
1 207610 1 0 
0 207914 1 0 
2 208219 1 0 
1 208523 1 0 
3 208828 1 0 
1 209132 1 0 
3 209437 1 0 
2 209742 1 0 
1 210046 1 0 
0 210351 1 0 
3 210351 1 0 
2 210655 1 0 
1 210960 1 0 
2 211112 1 0 
3 211264 1 0 
0 211569 1 0 
3 211873 1 0 
1 212026 1 0 
0 212330 1 0 
2 212483 1 0 
1 212787 1 0 
3 212787 1 0 
2 213092 1 0 
3 213396 1 0 
1 213549 1 0 
0 213701 1 0 
3 214005 1 0 
0 214310 1 0 
2 214462 1 0 
3 214767 1 0 
1 214919 1 0 
2 215224 2 215833 
0 215224 1 0 
1 215833 2 216442 
3 215833 1 0 
3 216442 2 217051 
0 216442 1 0 
0 217051 2 217660 
2 217051 1 0 
1 217660 1 0 
3 217660 1 0 
2 217965 1 0 
3 218269 1 0 
2 218422 1 0 
0 218574 1 0 
1 218879 1 0 
2 219031 1 0 
0 219183 1 0 
3 219488 1 0 
0 219792 1 0 
2 220097 2 220706 
1 220706 2 221315 
3 221315 1 0 
0 221315 1 0 
2 221620 1 0 
1 221924 1 0 
3 222229 1 0 
0 222533 1 0 
2 222533 1 0 
1 222838 1 0 
2 223143 1 0 
3 223447 1 0 
0 223752 1 0 
2 224056 1 0 
1 224361 1 0 
2 224665 1 0 
3 224970 1 0 
0 224970 1 0 
2 225275 1 0 
1 225579 1 0 
0 225884 1 0 
2 226188 2 226493 
1 226493 2 226797 
3 226797 2 227102 
0 227102 2 227406 
2 227102 1 0 
3 227406 1 0 
2 227711 1 0 
0 227863 1 0 
1 228168 1 0 
0 228320 1 0 
2 228472 1 0 
1 228777 1 0 
3 228929 1 0 
2 229082 1 0 
0 229386 1 0 
2 229538 1 0 
0 229843 1 0 
3 229843 1 0 
1 230148 1 0 
0 230300 1 0 
2 230604 1 0 
3 230757 1 0 
1 230909 1 0 
2 231214 1 0 
0 231366 1 0 
1 231518 1 0 
3 231823 1 0 
1 231975 1 0 
3 232280 1 0 
0 232280 1 0 
2 232584 1 0 
1 232736 1 0 
2 233041 1 0 
0 233193 1 0 
1 233346 1 0 
3 233650 1 0 
1 233802 1 0 
2 233955 1 0 
3 234259 1 0 
0 234412 1 0 
2 234716 1 0 
1 234716 1 0 
3 235021 1 0 
0 235173 1 0 
1 235478 1 0 
3 235630 1 0 
2 235782 1 0 
1 236087 1 0 
3 236239 1 0 
0 236239 1 0 
1 236544 1 0 
0 236848 1 0 
2 236848 1 0 
3 237153 2 239589 
1 237153 1 0 
0 239589 1 0 