0 808 1 0
1 960 1 0
2 1112 1 0
3 1264 1 0
0 1264 2 1569 
2 1569 2 1873 
0 1873 2 2178 
1 1873 1 0
2 2178 2 2483 
3 2483 2 2787 
0 2483 1 0
1 2787 1 0
0 2939 2 3244 
3 3244 1 0
2 3396 1 0
1 3549 1 0
0 3701 1 0
3 3701 2 4005 
1 4005 2 4310 
3 4310 2 4615 
0 4310 1 0
1 4615 2 4919 
0 4919 1 0
3 4919 1 0
2 5071 1 0
1 5071 1 0
0 5224 1 0
2 5300 1 0
3 5376 1 0
1 5528 1 0
0 5681 1 0
2 5681 1 0
3 5681 1 0
3 5985 1 0
1 5985 1 0
2 6290 1 0
0 6290 1 0
3 6594 1 0
1 6594 1 0
2 6899 1 0
3 6899 1 0
1 7203 1 0
2 7203 1 0
0 7508 1 0
1 7508 1 0
3 7813 1 0
0 7813 1 0
1 8117 1 0
3 8117 1 0
2 8117 1 0
1 8422 1 0
0 8422 1 0
3 8726 1 0
2 8726 1 0
1 9031 1 0
0 9031 1 0
3 9335 1 0
2 9335 1 0
3 9640 1 0
1 9640 1 0
2 9945 1 0
0 9945 1 0
3 10249 1 0
1 10249 1 0
0 10249 1 0
2 10554 1 0
0 10554 1 0
1 10706 1 0
0 10858 1 0
3 10858 1 0
1 11011 1 0
1 11315 1 0
0 11467 1 0
2 11467 1 0
3 11620 1 0
3 11924 1 0
0 12077 1 0
2 12077 1 0
1 12229 2 12686 
3 12229 1 0
2 12533 1 0
0 12686 1 0
3 12686 1 0
2 12990 2 13295 
1 12990 2 13295 
3 13295 1 0
0 13295 1 0
1 13447 1 0
2 13752 1 0
0 13904 1 0
3 13904 1 0
1 14056 1 0
2 14361 1 0
1 14513 1 0
3 14513 1 0
0 14665 1 0
2 14665 2 15122 
1 14970 1 0
0 15122 1 0
3 15122 1 0
1 15427 2 15731
2 15427 2 15731 
0 15731 1 0
3 15731 1 0
2 15884 1 0
1 16188 1 0
2 16340 1 0
0 16340 1 0
3 16493 1 0
1 16797 1 0
3 16950 1 0
0 16950 1 0
2 17102 1 0
1 17406 1 0
0 17559 1 0
3 17559 1 0
2 17863 2 18168 
1 17863 2 18168 
3 18168 1 0
0 18168 1 0
1 18320 1 0
2 18625 1 0
3 18777 1 0
0 18777 1 0
1 18929 1 0
2 19234 1 0
1 19386 1 0
3 19386 1 0
0 19691 1 0
2 19691 1 0
1 19843 1 0
3 19919 1 0
2 19995 1 0
1 20148 1 0
2 20224 1 0
0 20300 1 0
3 20300 1 0
2 20604 1 0
3 20604 1 0
0 20909 1 0
1 20909 1 0
2 21214 1 0
3 21214 1 0
0 21518 1 0
1 21518 1 0
2 21823 1 0
3 21823 1 0
0 22127 1 0
1 22127 1 0
0 22432 1 0
2 22432 1 0
1 22584 1 0
3 22584 1 0
2 22736 1 0
0 22736 1 0
1 23041 1 0
3 23041 1 0
0 23346 1 0
2 23346 1 0
1 23650 1 0
3 23650 1 0
0 23955 1 0
2 23955 1 0
1 24259 1 0
3 24259 1 0
2 24564 1 0
0 24564 1 0
1 24716 1 0
3 24792 1 0
0 24868 1 0
2 24945 1 0
1 25021 1 0
0 25097 1 0
3 25173 1 0
2 25173 1 0
1 25478 1 0
2 25478 1 0
1 25782 2 26087 
3 25782 2 26087 
0 26087 1 0
2 26087 1 0
1 26239 1 0
3 26239 1 0
2 26544 1 0
1 26696 1 0
3 26696 1 0
0 27000 2 27610 
2 27000 2 27610 
3 27610 1 0
1 27610 1 0
2 27762 1 0
0 27914 1 0
3 27914 1 0
1 28219 2 28523 
2 28219 2 28523 
0 28523 1 0
3 28523 1 0
1 28676 1 0
2 28676 1 0
1 28980 1 0
2 28980 1 0
0 29132 1 0
3 29132 1 0
2 29437 1 0
3 29437 1 0
0 29589 1 0
1 29589 1 0
2 30046 1 0
0 30046 1 0
3 30046 1 0
1 30351 1 0
0 30351 1 0
2 30503 1 0
3 30655 1 0
1 30808 1 0
2 30960 1 0
0 30960 1 0
3 31112 1 0
1 31264 1 0
2 31417 1 0
3 31569 1 0
0 31569 1 0
1 31721 1 0
2 31873 1 0
0 32026 1 0
3 32178 1 0
1 32178 2 32330 
2 32330 2 32483 
0 32483 1 0
3 32483 2 32787 
1 32635 1 0
0 32787 1 0
2 32787 1 0
1 32939 1 0
2 33092 1 0
1 33244 1 0
0 33396 1 0
3 33396 1 0
2 33549 1 0
1 33701 1 0
3 33853 1 0
2 34005 1 0
0 34005 1 0
1 34158 1 0
2 34310 1 0
3 34462 1 0
2 34615 1 0
0 34615 2 34767 
1 34767 2 34919 
3 34919 1 0
2 34919 2 35224 
0 35224 2 35833 
1 35224 1 0
3 35528 2 35833 
2 35528 1 0
1 35833 1 0
2 35985 1 0
0 35985 1 0
1 36290 1 0
3 36442 2 37356 
2 36442 1 0
0 36747 2 37356 
1 36747 1 0
2 37356 1 0
1 37508 1 0
0 37660 1 0
2 37660 1 0
1 37965 1 0
3 37965 1 0
0 38269 1 0
1 38269 1 0
3 38422 1 0
2 38422 1 0
1 38726 1 0
3 38726 1 0
0 38879 1 0
2 38879 1 0
1 39183 1 0
2 39183 1 0
1 39488 1 0
3 39488 1 0
0 39488 1 0
2 39792 1 0
0 39792 1 0
3 39792 1 0
1 40097 1 0
3 40097 1 0
2 40401 1 0
1 40554 1 0
0 40706 1 0
2 40706 1 0
3 40858 2 41163 
1 40858 2 41163 
0 41163 1 0
2 41163 1 0
3 41315 1 0
1 41315 1 0
0 41620 1 0
1 41772 1 0
2 41924 1 0
3 41924 1 0
0 42229 1 0
1 42229 1 0
2 42229 1 0
0 42533 1 0
3 42533 1 0
1 42838 1 0
2 42990 1 0
1 43143 1 0
3 43143 1 0
0 43295 2 43599 
2 43295 2 43599 
3 43599 1 0
1 43599 1 0
2 43752 1 0
0 43752 1 0
3 44056 1 0
2 44209 1 0
1 44361 1 0
3 44361 1 0
0 44513 1 0
1 44589 1 0
2 44665 1 0
0 44665 1 0
3 44665 1 0
1 44970 1 0
2 44970 1 0
0 45275 1 0
3 45427 1 0
1 45579 1 0
2 45579 1 0
0 45731 2 46036 
3 45731 2 46036 
2 46036 1 0
1 46036 1 0
3 46188 1 0
0 46188 1 0
1 46493 1 0
1 46645 1 0
0 46797 1 0
3 46797 1 0
2 46873 1 0
1 46950 1 0
2 47026 1 0
3 47102 1 0
0 47102 2 49234
1 47102 1 0
2 47406 1 0
2 47559 1 0
1 47711 1 0
3 47711 1 0
2 48168 1 0
2 48472 1 0
1 48777 1 0
3 48929 1 0
2 48929 1 0
1 49234 1 0
2 49310 1 0
3 49386 1 0
2 49462 1 0
1 49538 2 51670 
3 49538 1 0
0 49843 1 0
0 49995 1 0
2 50148 1 0
3 50148 1 0
2 50604 1 0
2 50909 1 0
3 51214 1 0
0 51366 1 0
2 51366 1 0
3 51670 1 0
2 51747 1 0
0 51823 1 0
1 51899 1 0
3 51975 2 54412 
2 51975 1 0
1 52280 1 0
1 52432 1 0
0 52584 1 0
2 52584 1 0
1 53041 1 0
1 53346 1 0
2 53650 1 0
1 53802 1 0
0 53802 1 0
1 54107 1 0
0 54183 1 0
2 54259 1 0
1 54335 1 0
2 54412 1 0
0 54412 1 0
0 54716 1 0
1 54716 1 0
2 54868 1 0
3 54868 1 0
0 55021 1 0
1 55021 1 0
2 55173 1 0
3 55173 1 0
1 55325 1 0
0 55325 1 0
2 55478 1 0
0 55478 1 0
3 55478 1 0
1 55934 2 56239 
2 56239 2 56544 
0 56544 2 56848 
1 56848 1 0
3 56848 1 0
2 56848 1 0
0 57153 1 0
2 57153 1 0
1 57457 1 0
2 57610 1 0
3 57762 1 0
0 57762 1 0
1 57914 1 0
2 58066 1 0
3 58219 1 0
1 58371 1 0
0 58371 1 0
2 58523 1 0
3 58523 1 0
2 58828 1 0
3 58828 1 0
0 58980 1 0
1 58980 1 0
1 59285 1 0
2 59285 1 0
3 59589 1 0
0 59589 1 0
2 59894 1 0
1 60046 1 0
0 60198 1 0
3 60198 1 0
2 60351 1 0
1 60503 1 0
2 60655 1 0
1 60808 1 0
3 60808 1 0
0 60960 1 0
2 60960 1 0
0 61264 1 0
2 61264 1 0
1 61417 1 0
3 61417 1 0
0 61721 1 0
1 61721 1 0
2 61721 1 0
3 62026 1 0
2 62026 1 0
0 62330 1 0
1 62483 1 0
0 62635 1 0
3 62635 1 0
2 62939 1 0
1 63092 1 0
2 63244 1 0
0 63244 1 0
3 63396 1 0
1 63396 1 0
1 63701 1 0
3 63701 1 0
0 63853 1 0
2 63853 1 0
0 64158 1 0
1 64158 1 0
1 64462 1 0
2 64462 1 0
0 64767 1 0
3 64767 1 0
1 64919 1 0
0 65071 1 0
2 65071 1 0
1 65376 1 0
3 65376 1 0
0 65681 1 0
2 65681 1 0
1 65985 1 0
3 65985 1 0
0 66137 1 0
1 66214 1 0
2 66290 1 0
1 66442 1 0
3 66442 1 0
2 66594 1 0
3 66594 1 0
0 66594 1 0
2 66899 1 0
1 66899 1 0
0 67203 1 0
1 67356 1 0
0 67508 1 0
3 67508 1 0
2 67660 1 0
0 67813 1 0
1 67813 1 0
2 67965 1 0
0 68117 1 0
3 68117 1 0
2 68269 1 0
1 68269 1 0
2 68574 1 0
1 68574 1 0
0 68726 2 69031 
3 68726 2 69031 
1 69031 1 0
2 69031 1 0
1 69335 1 0
3 69335 1 0
0 69640 1 0
3 69640 1 0
1 69792 1 0
2 69945 1 0
0 69945 1 0
1 70097 1 0
2 70249 1 0
3 70249 1 0
0 70401 1 0
1 70554 1 0
2 70554 1 0
3 70706 1 0
0 70706 1 0
3 71011 1 0
0 71011 1 0
1 71163 1 0
2 71163 1 0
0 71315 1 0
1 71391 1 0
3 71467 2 72686
2 71467 1 0
0 71467 1 0
0 71772 1 0
1 71924 1 0
0 72077 1 0
2 72077 1 0
1 72381 1 0
2 72533 1 0
1 72686 2 73295 
0 72686 1 0
2 72990 1 0
3 73143 1 0
0 73295 1 0
2 73295 1 0
1 73447 1 0
0 73523 1 0
2 73599 1 0
3 73676 1 0
1 73752 1 0
0 73828 1 0
2 73904 1 0
3 73904 1 0
1 73904 1 0
1 74209 1 0
0 74209 1 0
2 74361 1 0
3 74665 1 0
2 74818 1 0
0 74818 1 0
1 74970 1 0
2 75275 1 0
3 75427 1 0
1 75427 1 0
0 75579 2 76036 
2 75579 1 0
2 75884 1 0
1 76036 1 0
3 76036 1 0
0 76340 1 0
2 76340 1 0
1 76645 1 0
3 76645 1 0
2 76797 1 0
1 77102 1 0
0 77254 1 0
2 77254 1 0
1 77406 1 0
2 77711 1 0
3 77863 1 0
1 77863 1 0
2 78016 2 78472 
0 78016 1 0
0 78320 1 0
1 78472 1 0
3 78472 1 0
1 78777 1 0
2 78777 1 0
2 79082 1 0
3 79082 1 0
1 79234 1 0
0 79538 1 0
3 79691 1 0
2 79691 1 0
1 79843 1 0
2 80148 1 0
0 80300 1 0
3 80300 1 0
1 80452 1 0
2 80757 1 0
0 80909 1 0
3 80909 1 0
2 81214 1 0
1 81214 1 0
0 81518 1 0
3 81518 1 0
1 81670 1 0
2 81823 1 0
3 81975 1 0
0 82127 1 0
1 82127 1 0
3 82280 2 82584 
2 82280 2 82584 
1 82584 1 0
0 82736 1 0
3 82736 1 0
2 82889 1 0
3 83041 1 0
1 83041 1 0
0 83193 1 0
1 83269 1 0
2 83346 1 0
2 83498 1 0
3 83650 1 0
0 83650 2 86087 
1 83650 1 0
2 83955 1 0
3 84259 1 0
2 84564 1 0
1 84868 1 0
2 85173 1 0
3 85478 1 0
1 85782 2 86087 
2 85782 1 0
3 86087 1 0
2 86087 1 0
0 86391 1 0
2 86696 1 0
3 87000 1 0
1 87305 1 0
3 87610 1 0
0 87914 1 0
2 88219 2 88523 
1 88219 1 0
0 88523 1 0
3 88523 2 89132 
2 88980 1 0
1 89132 2 90655 
0 89132 1 0
3 89589 1 0
3 89894 1 0
0 90198 1 0
3 90351 2 90655 
2 90351 1 0
0 90655 1 0
2 90731 1 0
1 90808 1 0
2 90884 1 0
3 90960 1 0
0 90960 2 91873 
2 91264 1 0
3 91417 1 0
2 91569 2 91873 
1 91569 1 0
3 91873 1 0
1 92026 1 0
0 92026 1 0
2 92026 1 0
2 92330 1 0
1 92330 1 0
3 92483 1 0
0 92483 1 0
1 92559 1 0
0 92635 1 0
1 92711 1 0
2 92787 1 0
3 92787 1 0
1 92939 1 0
0 92939 1 0
3 93396 1 0
0 93396 1 0
2 93396 1 0
1 93549 1 0
3 93701 1 0
0 93701 1 0
2 93853 1 0
1 94005 1 0
3 94158 1 0
0 94310 1 0
2 94310 1 0
1 94462 1 0
3 94615 1 0
2 94767 1 0
1 94919 1 0
0 94919 1 0
2 95071 1 0
1 95224 1 0
0 95376 1 0
2 95528 1 0
3 95528 1 0
1 95681 1 0
0 95833 1 0
3 95833 1 0
2 95985 1 0
0 96137 1 0
3 96137 1 0
1 96290 1 0
2 96442 1 0
1 96594 1 0
0 96747 1 0
2 96747 1 0
1 96899 1 0
2 97051 1 0
0 97203 1 0
3 97356 1 0
1 97356 1 0
2 97508 1 0
1 97660 1 0
2 97813 1 0
3 97965 1 0
0 97965 1 0
2 98117 1 0
1 98193 1 0
0 98269 1 0
3 98269 1 0
2 98574 1 0
1 98574 1 0
2 98879 2 99183 
3 98879 2 99183 
0 99183 1 0
2 99335 1 0
1 99335 1 0
0 99640 1 0
2 99792 1 0
3 99792 1 0
0 100097 2 100401 
1 100097 2 100401 
3 100401 1 0
2 100478 1 0
1 100554 1 0
0 100706 1 0
3 100706 1 0
2 100858 1 0
1 101011 1 0
3 101011 1 0
0 101315 2 101620 
2 101315 2 101620 
1 101620 1 0
3 101620 1 0
0 101772 1 0
2 101772 1 0
2 102077 1 0
1 102077 1 0
0 102229 1 0
3 102229 1 0
1 102533 1 0
2 102533 1 0
3 102838 1 0
0 102838 1 0
1 102838 1 0
0 103143 1 0
2 103143 1 0
3 103143 1 0
1 103447 1 0
3 103447 1 0
0 103752 1 0
2 103904 1 0
1 104056 1 0
3 104056 1 0
0 104209 1 0
2 104209 1 0
3 104209 1 0
1 104513 1 0
0 104665 1 0
3 104665 1 0
2 104970 1 0
1 105122 1 0
0 105275 1 0
3 105275 1 0
2 105427 1 0
1 105579 1 0
3 105579 1 0
0 105579 1 0
2 105884 1 0
0 105884 1 0
1 106188 1 0
2 106340 1 0
1 106493 1 0
3 106493 1 0
2 106645 1 0
0 106645 1 0
3 106645 1 0
1 106950 1 0
3 106950 1 0
0 107102 1 0
2 107102 1 0
1 107406 1 0
2 107559 1 0
1 107711 1 0
3 107711 1 0
0 107863 1 0
1 107939 1 0
2 108016 1 0
3 108016 1 0
0 108016 1 0
2 108320 1 0
1 108320 1 0
0 108625 1 0
1 108777 1 0
3 108929 1 0
2 108929 1 0
3 109082 1 0
0 109082 1 0
1 109082 1 0
2 109386 1 0
0 109538 1 0
3 109538 1 0
2 109843 1 0
1 109995 1 0
0 110148 1 0
2 110148 1 0
1 110224 1 0
3 110300 1 0
2 110376 1 0
3 110452 1 0
0 110452 2 112889 
1 110452 1 0
2 110757 1 0
2 110909 1 0
1 111061 1 0
3 111061 1 0
3 111518 1 0
3 111823 1 0
1 112127 1 0
2 112280 1 0
3 112280 1 0
1 112584 2 112889 
3 112889 2 115325 
2 112889 1 0
0 113193 1 0
0 113346 1 0
1 113498 1 0
2 113498 1 0
2 113955 1 0
2 114259 1 0
0 114564 1 0
1 114716 1 0
2 114716 1 0
0 115021 2 115325 
1 115325 2 117762 
2 115325 1 0
2 115630 1 0
2 115782 1 0
0 115934 1 0
3 115934 1 0
0 116391 1 0
0 116696 1 0
2 117000 1 0
3 117153 1 0
0 117153 1 0
3 117457 1 0
2 117533 1 0
0 117610 1 0
2 117686 1 0
3 117762 1 0
0 117762 1 0
2 118066 1 0
3 118066 1 0
2 118219 1 0
1 118219 1 0
1 118371 1 0
0 118371 1 0
2 118523 1 0
3 118523 1 0
1 118676 1 0
2 118676 1 0
0 118828 1 0
3 118828 1 0
1 118828 1 0
2 119285 1 0
3 119589 1 0
1 119894 1 0
0 120198 1 0
3 120198 1 0
2 120198 1 0
2 120503 1 0
1 120503 1 0
0 120808 1 0
3 120808 1 0
1 120960 1 0
0 121112 1 0
2 121112 1 0
3 121264 1 0
1 121417 1 0
2 121569 1 0
1 121721 1 0
3 121721 1 0
0 121873 1 0
2 121873 1 0
3 122178 1 0
0 122178 1 0
1 122330 1 0
2 122330 1 0
0 122635 1 0
1 122635 1 0
3 122939 1 0
2 122939 1 0
3 123244 1 0
1 123244 1 0
2 123396 1 0
1 123549 1 0
0 123549 1 0
2 123701 1 0
0 123853 1 0
3 123853 1 0
1 124005 1 0
0 124158 1 0
2 124158 1 0
1 124310 1 0
3 124310 1 0
3 124615 1 0
1 124615 1 0
0 124767 1 0
2 124767 1 0
2 125071 2 125376:1:0:0:0:
3 125071 1 0
1 125376 2 125681 
0 125376 1 0
3 125681 2 125985 
2 125681 1 0
1 125833 1 0
0 125985 2 126290 
2 125985 1 0
1 126290 1 0
3 126290 1 0
2 126442 1 0
1 126594 1 0
3 126594 1 0
0 126747 1 0
2 126747 1 0
0 127051 1 0
2 127051 1 0
1 127203 1 0
3 127203 1 0
0 127508 2 127813 
2 127508 1 0
1 127813 2 128117 
3 127813 1 0
2 128117 2 128422 
0 128117 1 0
3 128422 2 128726 
1 128422 1 0
0 128726 1 0
2 128726 1 0
1 128879 1 0
3 129031 1 0
0 129031 1 0
0 129335 1 0
2 129335 1 0
1 129488 1 0
2 129564 1 0
3 129640 1 0
1 129792 1 0
2 129792 1 0
1 129945 1 0
3 129945 1 0
0 129945 1 0
0 130249 1 0
2 130249 1 0
1 130554 1 0
3 130554 1 0
2 130706 1 0
0 130858 1 0
3 130858 1 0
1 131011 1 0
2 131163 1 0
1 131315 1 0
3 131467 1 0
0 131467 1 0
2 131620 1 0
1 131620 1 0
1 131924 1 0
2 131924 1 0
0 132077 1 0
3 132077 1 0
0 132381 1 0
2 132381 1 0
3 132686 1 0
1 132686 1 0
2 132990 1 0
0 132990 1 0
1 133143 1 0
0 133295 1 0
3 133295 1 0
1 133447 1 0
3 133599 2 133904 
2 133599 1 0
1 133752 1 0
0 133904 1 0
2 133904 1 0
1 134056 2 134361 
3 134056 1 0
0 134361 1 0
2 134361 1 0
3 134513 1 0
1 134513 1 0
2 134665 1 0
1 134742 1 0
3 134818 1 0
0 134818 2 136036 
2 134818 1 0
1 135122 1 0
2 135275 1 0
3 135427 1 0
1 135427 1 0
3 135731 1 0
2 135884 1 0
3 136036 2 136645 
1 136036 1 0
0 136340 1 0
1 136493 1 0
0 136645 1 0
2 136645 1 0
1 136797 1 0
2 136873 1 0
3 136950 1 0
1 137026 1 0
0 137102 1 0
2 137178 1 0
1 137254 1 0
3 137254 1 0
0 137254 1 0
3 137559 1 0
2 137559 1 0
1 137863 1 0
1 138016 1 0
0 138168 1 0
2 138168 1 0
2 138472 1 0
2 138625 1 0
1 138777 1 0
3 138777 1 0
0 139082 1 0
1 139158 1 0
2 139234 1 0
3 139386 1 0
2 139462 1 0
1 139538 1 0
3 139691 1 0
2 139691 2 140300:1:0:0:0:
0 139691 1 0
1 139995 1 0
1 140148 1 0
3 140300 1 0
0 140300 1 0
2 140604 1 0
1 140681 1 0
2 140757 1 0
1 140833 1 0
3 140909 1 0
0 140909 1 0
2 140909 1 0
1 141214 1 0
2 141518 1 0
0 141823 1 0
1 142127 1 0
3 142127 1 0
3 142280 1 0
1 142280 1 0
0 142432 1 0
2 142432 1 0
0 142736 1 0
2 142736 1 0
1 142736 1 0
1 143041 1 0
3 143041 1 0
1 143193 1 0
3 143193 1 0
0 143346 1 0
2 143346 1 0
1 143650 1 0
3 143650 1 0
0 143955 1 0
2 143955 1 0
1 144107 2 144564 
3 144107 2 144564 
0 144564 1 0
2 144564 1 0
0 144716 1 0
2 144716 1 0
1 144868 1 0
3 144868 1 0
1 145173 1 0
3 145173 1 0
2 145173 1 0
0 145478 1 0
2 145478 1 0
0 145630 1 0
2 145630 1 0
1 145782 1 0
3 145782 1 0
0 146087 1 0
1 146087 1 0
2 146391 1 0
3 146391 1 0
1 146544 2 147000 
0 146544 2 147000 
2 147000 1 0
3 147000 1 0
3 147153 1 0
2 147153 1 0
0 147305 1 0
1 147305 1 0
0 147610 1 0
1 147610 1 0
2 147610 1 0
3 147914 1 0
2 147914 1 0
3 148066 1 0
2 148066 1 0
0 148219 1 0
1 148219 1 0
1 148523 1 0
2 148523 1 0
2 148828 1 0
1 148828 1 0
0 148980 2 149437 
3 148980 2 149437 
2 149437 1 0
1 149437 1 0
1 149589 1 0
2 149589 1 0
0 149742 1 0
3 149742 1 0
0 150046 2 150351 
3 150046 2 150351 
2 150351 1 0
1 150351 1 0
1 150503 1 0
2 150503 1 0
0 150655 1 0
3 150655 1 0
0 150960 2 151264 
3 150960 2 151264 
1 151264 1 0
2 151340 1 0
3 151417 1 0
1 151493 1 0
2 151569 1 0
0 151645 1 0
1 151721 1 0
2 151797 1 0
1 151873 1 0
3 151873 1 0
0 151873 1 0
2 152026 1 0
3 152178 1 0
0 152178 1 0
1 152330 1 0
2 152483 1 0
1 152635 1 0
0 152787 1 0
3 152787 1 0
1 152939 1 0
2 153092 1 0
3 153244 1 0
0 153396 1 0
2 153396 1 0
1 153549 1 0
3 153549 1 0
3 153853 1 0
1 153853 1 0
0 154005 1 0
2 154005 1 0
1 154310 1 0
3 154310 1 0
1 154462 1 0
2 154615 1 0
0 154615 1 0
1 154767 1 0
3 154919 1 0
1 155071 1 0
2 155224 1 0
3 155224 1 0
0 155376 1 0
1 155528 1 0
3 155681 1 0
2 155833 1 0
0 155833 1 0
1 155985 1 0
3 155985 1 0
3 156290 1 0
1 156290 1 0
0 156442 1 0
2 156442 1 0
1 156747 1 0
0 156747 1 0
3 156747 1 0
1 156899 1 0
0 157051 1 0
2 157051 1 0
3 157203 1 0
2 157356 1 0
1 157508 1 0
0 157660 1 0
2 157660 1 0
1 157813 1 0
2 157965 1 0
3 158117 1 0
1 158269 1 0
2 158269 1 0
0 158422 1 0
3 158422 1 0
0 158726 1 0
3 158726 1 0
1 158879 1 0
2 158879 1 0
2 159183 1 0
3 159183 1 0
2 159335 1 0
3 159335 1 0
0 159488 1 0
1 159488 1 0
2 159792 1 0
3 159792 1 0
2 159945 1 0
3 159945 1 0
0 160097 1 0
1 160097 1 0
0 160401 1 0
1 160401 1 0
0 160554 1 0
1 160554 1 0
2 160706 1 0
3 160706 1 0
0 161011 1 0
1 161011 1 0
2 161011 1 0
2 161315 1 0
3 161315 1 0
1 161315 1 0
0 161620 1 0
1 161620 1 0
3 161620 1 0
1 161772 1 0
0 161924 1 0
3 161924 1 0
2 162077 1 0
1 162229 1 0
0 162381 1 0
1 162533 1 0
3 162533 1 0
2 162686 1 0
1 162838 1 0
2 162990 1 0
0 163143 1 0
3 163143 1 0
1 163295 1 0
2 163295 1 0
1 163599 1 0
2 163599 1 0
0 163752 1 0
3 163752 1 0
3 164056 1 0
1 164056 1 0
3 164209 1 0
2 164361 1 0
0 164361 1 0
1 164513 1 0
3 164665 1 0
2 164818 1 0
0 164970 1 0
1 164970 1 0
3 165122 1 0
2 165275 1 0
0 165427 1 0
1 165579 1 0
2 165579 1 0
0 165731 1 0
3 165731 1 0
0 166036 1 0
3 166036 1 0
1 166188 1 0
2 166188 1 0
0 166493 1 0
3 166493 1 0
2 166493 1 0
1 166645 1 0
2 166797 1 0
3 166797 1 0
0 166950 1 0
1 167102 1 0
2 167254 1 0
3 167406 1 0
1 167406 1 0
0 167559 1 0
1 167711 1 0
2 167863 1 0
0 168016 1 0
3 168016 1 0
2 168168 1 0
1 168320 1 0
2 168472 1 0
0 168625 1 0
3 168625 1 0
1 168777 1 0
2 168929 1 0
3 168929 1 0
0 168929 1 0
1 169234 1 0
2 169234 1 0
0 169538 1 0
1 169538 1 0
2 169843 1 0
3 169843 1 0
0 170148 1 0
1 170148 1 0
3 170148 1 0
2 170452 1 0
1 170452 1 0
3 170757 1 0
2 170757 1 0
1 171061 1 0
0 171061 1 0
2 171366 1 0
3 171366 1 0
1 171366 2 179589 
0 171975 1 0
2 171975 1 0
3 172432 1 0
2 172584 1 0
2 172889 1 0
0 173193 1 0
3 173193 1 0
2 173802 1 0
3 173802 1 0
0 174412 1 0
3 174412 1 0
2 174868 1 0
3 175021 1 0
3 175325 1 0
2 175630 1 0
0 175630 1 0
3 175934 1 0
2 176011 1 0
0 176087 1 0
2 176163 1 0
0 176239 1 0
3 176239 1 0
2 176848 1 0
0 176848 1 0
3 177305 1 0
2 177457 1 0
0 177762 1 0
2 178066 1 0
3 178066 1 0
0 178676 1 0
2 178676 1 0
2 179285 1 0
3 179285 1 0
0 179589 1 0
2 179665 1 0
3 179742 1 0
0 179818 1 0
1 179894 1 0
0 179970 1 0
3 180046 1 0
2 180122 1 0
0 180198 1 0
3 180275 1 0
1 180351 1 0
2 180427 1 0
3 180503 1 0
0 180579 1 0
1 180655 1 0
3 180731 1 0
2 180808 1 0
0 180884 1 0
1 180960 1 0
2 181036 1 0
1 181112 1 0
0 181112 2 183549 
3 181112 1 0
2 181417 1 0
1 181721 1 0
3 181721 1 0
2 182026 1 0
1 182178 1 0
3 182330 1 0
2 182635 1 0
1 182939 1 0
3 182939 1 0
2 183244 1 0
1 183549 2 185985 
3 183549 1 0
2 183853 1 0
0 184158 1 0
3 184158 1 0
2 184462 1 0
3 184615 1 0
0 184767 1 0
2 185071 1 0
0 185376 1 0
3 185376 1 0
2 185681 1 0
3 185757 1 0
0 185833 1 0
2 185909 1 0
3 185985 2 188422:1:0:0:0:
0 185985 1 0
2 186290 1 0
0 186594 1 0
1 186594 1 0
2 186899 1 0
0 187051 1 0
1 187203 1 0
1 187508 1 0
0 187813 1 0
2 187813 1 0
1 188117 1 0
2 188422 2 189640 
0 188422 1 0
1 188726 1 0
0 189031 1 0
3 189031 1 0
1 189335 1 0
3 189488 1 0
1 189564 1 0
0 189640 1 0
0 189945 1 0
1 189945 1 0
3 189945 1 0
1 190401 1 0
2 190401 1 0
3 190401 1 0
0 190858 1 0
3 190858 1 0
1 190858 2 192077 
2 191163 1 0
0 191467 1 0
3 191467 1 0
2 191772 1 0
0 191924 1 0
3 192077 2 192686 
2 192077 1 0
1 192381 1 0
2 192686 2 193295 
0 192686 1 0
1 192990 1 0
0 193295 2 194513 
3 193295 1 0
2 193599 1 0
1 193904 1 0
3 193904 1 0
2 194209 1 0
1 194361 1 0
3 194513 2 195122 
2 194513 1 0
1 194818 1 0
2 195122 2 195731 
0 195122 1 0
3 195427 1 0
1 195503 1 0
0 195579 1 0
3 195655 1 0
1 195731 2 197711:1:0:0:0:
0 195731 1 0
2 196036 1 0
0 196340 1 0
3 196340 1 0
2 196645 1 0
0 196797 1 0
3 196797 1 0
2 197102 1 0
3 197178 1 0
0 197254 1 0
2 197330 1 0
3 197406 1 0
2 197483 1 0
0 197559 1 0
3 197559 1 0
0 198777 1 0
1 198777 1 0
2 199234 1 0
3 199234 1 0
1 200604 1 0
2 200604 1 0
0 200604 1 0
3 200604 1 0
2 201518 1 0
1 201670 1 0
0 201823 1 0
2 201823 1 0
3 201823 1 0
0 202280 1 0
2 202280 1 0
3 202280 1 0
0 202584 1 0
1 202584 1 0
2 202736 1 0
3 202736 1 0
1 202736 1 0
0 203041 1 0
3 203041 1 0
1 203041 2 204259 
2 203041 1 0
0 204259 1 0
3 204259 1 0
2 204259 1 0
1 204716 1 0
0 204716 1 0
3 204716 1 0
2 205021 1 0
1 205097 1 0
0 205173 2 205478 
3 205173 2 205478 
1 205478 1 0
2 205478 1 0
0 205782 1 0
2 205782 1 0
3 206087 1 0
1 206239 1 0
0 206391 1 0
2 206391 1 0
0 206696 1 0
3 206696 1 0
1 206848 1 0
2 207000 1 0
0 207000 1 0
1 207153 1 0
3 207153 1 0
0 207457 1 0
2 207457 1 0
1 207610 1 0
3 207610 1 0
0 207914 1 0
2 207914 1 0
1 208219 1 0
3 208219 1 0
0 208523 1 0
2 208523 1 0
1 208676 1 0
0 208828 1 0
3 208828 1 0
2 209132 1 0
3 209132 2 209285 
1 209285 1 0
0 209285 2 209437 
3 209437 2 209589 
2 209437 1 0
0 209589 2 209742 
1 209589 1 0
3 209742 1 0
1 209818 1 0
2 209894 1 0
0 209970 1 0
3 210046 1 0
2 210198 1 0
1 210198 1 0
0 210351 1 0
1 210351 1 0
3 210351 1 0
0 210655 1 0
2 210655 1 0
3 210960 1 0
1 210960 1 0
2 211112 1 0
0 211264 1 0
1 211264 1 0
2 211417 1 0
3 211569 2 211873 
0 211569 1 0
1 211721 1 0
0 211873 1 0
2 211873 1 0
0 212026 2 212330 
1 212026 1 0
3 212026 1 0
3 212330 1 0
2 212330 1 0
2 212483 2 212787 
1 212483 2 212787 
0 212787 1 0
3 212787 1 0
0 213092 1 0
2 213092 1 0
1 213396 1 0
2 213549 1 0
3 213701 1 0
1 213701 1 0
2 213853 1 0
0 213853 1 0
1 214005 2 214310 
3 214005 1 0
2 214158 1 0
3 214310 1 0
0 214310 1 0
2 214462 2 214767 
1 214462 1 0
0 214767 1 0
1 214767 1 0
3 214919 2 215224 
2 214919 1 0
0 215071 1 0
1 215148 1 0
2 215224 1 0
0 215224 2 215833:1:0:0:0:
2 215528 1 0
3 215681 1 0
2 215833 2 216137 
1 215833 1 0
0 216137 2 216442 
3 216137 1 0
2 216290 1 0
1 216442 2 216747:1:0:0:0:
3 216442 1 0
2 216747 2 217051 
0 216747 1 0
1 216899 1 0
0 217051 1 0
3 217051 1 0
1 217203 1 0
2 217280 1 0
3 217356 1 0
1 217432 1 0
2 217508 1 0
1 217584 1 0
3 217660 1 0
0 217660 1 0
2 217660 1 0
1 217965 1 0
3 217965 1 0
2 218269 1 0
2 218422 1 0
1 218574 1 0
3 218574 1 0
1 218879 1 0
1 219031 1 0
0 219183 1 0
2 219183 1 0
1 219488 1 0
3 219488 1 0
0 219792 1 0
2 219792 1 0
1 219945 1 0
2 220021 1 0
0 220097 1 0
1 220097 1 0
3 220097 1 0
2 220401 1 0
0 220478 1 0
1 220554 1 0
3 220630 1 0
0 220706 1 0
2 220782 1 0
1 220858 1 0
3 220934 1 0
0 221011 1 0
2 221087 1 0
1 221163 1 0
3 221239 1 0
2 221315 2 222533 
0 221315 2 222533 
1 222533 1 0
3 222533 1 0
2 222838 1 0
0 222838 1 0
1 223143 1 0
3 223143 1 0
0 223447 1 0
2 223447 1 0
1 223752 1 0
3 223752 1 0
0 224056 1 0
2 224056 1 0
1 224361 1 0
3 224361 1 0
2 224665 1 0
1 224665 1 0
0 224970 1 0
3 224970 1 0
1 225046 1 0
2 225122 1 0
3 225198 1 0
0 225275 1 0
1 225351 1 0
2 225427 1 0
3 225503 1 0
2 225579 1 0
1 225655 1 0
0 225731 1 0
3 225808 1 0
2 225884 1 0
1 225960 1 0
0 226036 1 0
1 226112 1 0
2 226188 1 0
0 226264 1 0
3 226340 1 0
1 226417 1 0
3 226493 1 0
0 226569 1 0
2 226645 1 0
0 226721 1 0
1 226797 2 227102 
3 226797 2 227102 
2 227102 2 227406 
0 227102 2 227406 
1 227406 1 0
3 227406 1 0
2 227559 1 0
0 227711 1 0
3 227711 1 0
2 227863 2 228168 
1 227863 1 0
0 228168 1 0
1 228320 1 0
3 228320 1 0
0 228472 2 228777 
2 228472 1 0
3 228777 1 0
1 228777 1 0
0 228929 1 0
2 228929 1 0
1 229082 1 0
3 229082 2 229386 
2 229386 1 0
0 229538 2 229843 
1 229538 1 0
3 229843 1 0
2 229843 1 0
1 229995 1 0
2 230148 1 0
0 230148 1 0
1 230300 2 230604 
3 230300 1 0
2 230604 1 0
3 230757 1 0
0 230757 1 0
2 230909 2 231214 
1 230909 1 0
0 231214 1 0
1 231366 1 0
3 231366 1 0
0 231518 2 231823 
2 231518 1 0
2 231823 1 0
1 231975 1 0
3 231975 2 232280 
2 232280 1 0
0 232280 1 0
1 232432 1 0
3 232584 1 0
2 232584 1 0
1 232736 1 0
0 232736 2 233041 
3 233041 1 0
2 233193 1 0
1 233193 1 0
0 233346 1 0
3 233346 2 233650 
1 233650 1 0
2 233802 1 0
0 233802 1 0
1 233955 2 234259 
3 233955 1 0
0 234259 1 0
3 234412 2 234716 
1 234412 1 0
0 234716 1 0
2 234716 1 0
1 234868 1 0
3 235021 1 0
0 235021 1 0
2 235173 1 0
1 235173 2 235478 
3 235478 1 0
2 235630 1 0
0 235630 1 0
3 235782 2 236087 
1 235782 1 0
0 236087 1 0
2 236087 1 0
1 236239 1 0
3 236239 1 0
2 236391 1 0
0 236544 1 0
3 236544 1 0
1 236696 1 0
2 236772 1 0
0 236848 1 0
3 236848 1 0
1 236924 1 0
2 237000 1 0
3 237077 1 0
0 237153 2 239589 
1 237153 2 239437
2 237153 1 0
3 239437 1 0
2 239513 1 0
1 239589 1 0
