1 300 1 0
0 300 2 492
3 492 2 730 
1 730 2 968
3 968 2 1206 
0 1206 1 0 
3 1444 1 0
1 1682 1 0 
2 1801 1 0 
3 1920 1 0 
0 2158 1 0 
1 2277 1 0
2 2396 1 0 
3 2635 1 0 
2 2754 1 0 
1 2873 1 0 
3 3111 1 0 
0 3230 1 0 
1 3349 1 0
3 3587 1 0 
2 3706 1 0 
1 3825 1 0 
2 4063 1 0 
1 4182 1 0
3 4301 1 0 
0 4539 1 0 
1 4658 1 0 
2 4777 1 0 
1 5015 1 0 
3 5135 1 0 
2 5254 1 0
0 5492 1 0 
1 5611 1 0 
2 5730 1 0 
3 5968 1 0 
2 6087 1 0
1 6206 1 0 
0 6444 1 0 
1 6563 1 0 
3 6682 1 0 
2 6920 1 0 
3 7039 1 0 
0 7158 1 0
2 7396 1 0 
1 7515 1 0 
3 7635 1 0 
0 7635 2 8111 
2 8111 2 8349 
1 8349 2 8587 
2 8587 2 8825 
0 8825 1 0 
3 9063 1 0
1 9301 1 0 
2 9420 1 0 
3 9539 1 0 
0 9777 1 0 
1 9896 1 0
2 10015 1 0 
3 10254 1 0 
1 10373 1 0 
2 10492 1 0 
3 10730 1 0 
2 10849 1 0 
1 10968 1 0
2 11206 1 0 
3 11325 1 0 
0 11444 1 0 
2 11682 1 0 
1 11801 1 0
0 11920 1 0 
3 12158 1 0 
2 12277 1 0 
1 12396 1 0 
0 12635 1 0 
1 12754 1 0 
2 12873 1 0
2 13230 1 0 
0 13349 2 14301 
2 13587 1 0 
3 14301 1 0 
1 14539 2 14896 
3 14896 2 15254 
0 15254 1 0 
2 15730 1 0 
3 15730 1 0 
0 16206 1 0 
1 16682 1 0
3 16682 1 0 
2 17158 2 17635 
3 17635 1 0
0 17635 2 18111 
2 18111 2 18587 
0 18587 1 0 
1 18587 1 0 
3 19063 2 19539 
1 19539 2 20015
0 19539 1 0 
3 20015 2 20492 
1 20492 1 0 
0 20492 1 0 
1 20968 2 21444 
3 21444 2 21920
0 21444 1 0 
1 21920 2 22396 
3 22396 1 0 
3 22635 1 0 
1 22873 1 0
0 22873 1 0 
0 23349 1 0
2 23825 1 0
3 23825 1 0 
3 24301 1 0
0 24777 1 0
2 24777 1 0 
0 25254 1 0
0 25730 1 0
3 25730 1 0 
3 26206 1 0 
2 26444 1 0 
1 26682 1 0
0 26682 1 0 
3 26920 1 0
2 27039 1 0
0 27277 1 0
1 27396 1 0
3 27635 1 0
2 27754 1 0
0 27992 1 0 
1 28111 1 0
2 28349 1 0 
3 28587 2 28706 
2 28825 1 0 
0 29063 2 29182 
1 29301 1 0
2 29539 2 29658 
0 29777 1 0 
3 30015 2 30254 
1 30254 1 0 
0 30492 1 0
2 30492 1 0 
2 30730 1 0 
2 30968 1 0 
1 31325 1 0 
3 31563 1 0 
0 31682 1 0 
3 31920 1 0 
0 32158 1 0 
2 32396 1 0 
1 32515 1 0 
2 32635 1 0 
2 32873 1 0 
0 33230 1 0 
2 33468 1 0 
0 33587 1 0 
2 33825 1 0 
0 34063 1 0 
3 34301 1 0 
1 34420 1 0 
3 34539 1 0 
1 34777 1 0 
2 35135 1 0 
0 35373 1 0 
2 35492 1 0 
1 35730 1 0 
3 35968 1 0 
0 36206 1 0 
3 36444 1 0 
1 36682 1 0 
3 37039 1 0 
0 37277 1 0 
2 37396 1 0 
1 37635 1 0 
3 37873 1 0 
1 38111 1 0
0 38111 1 0 
0 38587 1 0
0 39063 1 0
0 39539 1 0
2 40015 1 0
2 40492 1 0
2 40968 1 0
2 41444 1 0
1 41920 1 0
1 42396 1 0
1 42873 1 0
1 43349 1 0
3 43825 1 0
0 43825 1 0 
3 44301 1 0 
3 44777 2 45254 
0 45254 1 0 
1 45492 1 0 
2 45730 1 0 
3 45730 1 0 
1 46206 1 0
0 46206 1 0 
2 46563 1 0 
0 47158 1 0
3 47158 1 0 
2 47396 1 0 
3 47515 1 0 
1 47635 1 0 
2 47873 1 0 
3 48111 1 0
0 48111 1 0 
1 48468 1 0 
0 49063 1 0
3 49063 1 0 
1 49301 1 0 
0 49420 1 0 
2 49539 1 0 
0 50015 1 0
3 50015 1 0 
1 50373 1 0 
0 50968 1 0
2 50968 1 0 
1 51206 1 0 
2 51325 1 0 
3 51444 1 0 
0 51682 1 0 
3 51920 1 0
1 51920 1 0 
2 52277 1 0 
1 52635 1 0 
0 52873 1 0
3 52873 1 0 
2 53111 1 0 
1 53230 1 0 
0 53349 1 0 
2 53825 1 0
3 53825 1 0 
1 54182 1 0 
0 54777 1 0
3 54777 1 0 
1 55015 1 0 
2 55135 1 0 
3 55254 1 0 
0 55492 1 0 
1 55730 1 0
2 55730 1 0 
3 56087 1 0 
1 56682 1 0
0 56682 1 0 
3 56920 1 0 
2 57039 1 0 
1 57158 1 0 
0 57635 1 0
3 57635 1 0 
2 57992 1 0 
1 58587 1 0
0 58587 1 0 
2 58825 1 0 
1 58944 1 0 
3 59063 2 59301 
0 59301 2 59539 
2 59539 1 0 
1 59777 1 0 
3 59896 2 60135 
0 60135 1 0 
1 60254 1 0 
3 60492 1 0 
2 60492 2 60968 
0 60968 1 0 
1 60968 1 0 
0 61444 1 0 
1 61920 1 0 
1 62396 1 0 
2 62873 1 0 
2 63349 1 0 
3 63825 1 0 
3 64301 1 0 
0 64777 1 0 
0 65254 1 0 
3 65730 1 0 
3 66206 1 0 
2 66682 1 0 
2 67158 1 0 
1 67635 1 0 
1 68111 2 68587 
3 68587 1 0 
3 68825 1 0 
0 69063 1 0 
0 69301 1 0 
2 69539 1 0 
2 69777 1 0 
1 70015 1 0 
1 70254 1 0 
3 70492 1 0 
3 70730 1 0 
0 70968 1 0 
0 71206 1 0 
2 71444 1 0 
2 71682 1 0 
1 71920 1 0 
3 72158 2 72396 
0 72396 2 74301 
2 72396 1 0 
2 72635 1 0 
3 72873 1 0 
3 73111 1 0 
1 73349 1 0 
1 73587 1 0 
2 73825 1 0 
2 74063 1 0 
1 74301 1 0 
3 74301 1 0 
0 75254 1 0 
3 75254 1 0 
1 75492 2 75730 
2 75730 2 75968 
0 75968 1 0
3 75968 1 0 
2 76206 1 0 
1 76206 2 76682 
2 76682 1 0
3 76682 1 0 
0 77039 1 0
0 77396 1 0
3 77635 1 0
3 77873 1 0
1 78111 1 0 
3 78349 2 78587 
0 78587 1 0
2 78944 1 0
2 79301 1 0
0 79539 1 0
0 79777 2 80015 
3 80015 2 80254 
1 80254 2 80492 
2 80492 1 0
0 80849 1 0 
1 81206 1 0 
3 81444 1 0
2 81682 1 0
1 81920 1 0
3 82158 1 0
2 82277 1 0
0 82635 1 0
1 82873 1 0
2 83111 2 83349 
0 83349 1 0 
3 83587 2 84301 
2 83825 2 84301 
0 84301 1 0 
1 84658 1 0
2 85015 1 0
3 85254 1 0
1 85492 1 0
3 85730 1 0 
0 85968 2 86206 
2 86206 1 0 
1 86563 1 0
1 86920 1 0
3 87158 1 0
3 87396 2 87635 
0 87635 2 87873 
2 87873 2 88111 
1 88111 1 0 
3 88468 1 0 
2 88825 1 0 
0 89063 1 0
1 89301 1 0 
2 89539 2 90015 
0 89777 1 0 
3 90015 2 90492 
1 90254 1 0 
0 90492 2 91206 
1 91206 1 0 
2 91325 1 0 
3 91444 1 0 
3 91623 2 92099 
0 92396 1 0 
1 92396 1 0 
3 92635 1 0 
2 92754 1 0 
1 92873 2 93111 
3 93111 2 93349 
1 93349 1 0 
0 93349 2 93587 
3 93587 2 93825 
2 93825 1 0 
1 94182 1 0
1 94539 1 0
3 94777 1 0
3 95015 2 95254 
0 95254 2 95492 
1 95492 2 95730 
2 95730 1 0 
0 96087 2 96444 
3 96444 2 96682
1 96682 2 96920
2 96920 1 0 
2 97158 1 0
0 97396 1 0
1 97515 1 0
2 97873 1 0
2 98111 1 0
0 98349 1 0 
3 98468 1 0 
1 98587 1 0
2 98825 1 0 
0 99301 2 99539 
3 99539 1 0 
2 99698 1 0 
1 99857 1 0 
0 100015 2 100174
3 100174 2 100333 
1 100333 1 0 
2 100492 1 0 
3 100650 2 100809 
0 100809 1 0 
1 100968 1 0 
2 101127 1 0 
3 101285 1 0 
1 101444 1 0 
2 101603 2 101762 
0 101762 2 101920 
3 101920 2 102079
1 102079 2 102238 
2 102238 1 0 
0 102396 1 0 
2 102635 2 102873 
0 102873 2 103111 
3 102873 1 0 
1 103111 2 103349 
3 103349 1 0
2 103706 1 0 
1 104063 1 0 
3 104301 1 0
0 104539 1 0 
2 104777 2 105015 
1 105015 2 105254 
3 105254 2 105492 
0 105492 2 105730 
2 105730 1 0 
3 105730 2 106206 
0 106206 1 0 
2 106444 1 0 
1 106563 1 0 
0 106682 2 107158 
2 107158 1 0 
3 107158 1 0 
1 107396 1 0 
3 107635 1 0 
0 107873 1 0 
1 107992 1 0 
3 108111 1 0
2 108230 1 0 
1 108349 1 0 
3 108587 1 0 
3 108825 1 0 
1 109063 1 0
1 109301 1 0 
2 109539 1 0 
0 109777 1 0 
3 109896 1 0 
1 110015 1 0
0 110135 1 0 
2 110254 1 0 
2 110492 1 0 
0 110730 2 110968 
3 110968 1 0 
1 111087 2 111325 
3 111325 1 0 
2 111444 1 0 
1 111682 1 0 
2 111920 1 0
0 112158 1 0 
3 112396 1 0
1 112635 1 0
2 112754 1 0
0 113111 1 0
3 113349 1 0
2 113587 1 0 
1 113825 1 0
2 114063 2 114301 
0 114301 2 114777 
2 114777 1 0
3 114777 1 0 
3 115135 1 0
3 115492 1 0
0 115730 1 0
1 115968 1 0
2 116206 2 116444 
0 116444 1 0 
1 116563 1 0 
3 116682 2 116920
0 116920 2 117158 
2 117158 1 0 
1 117396 1 0 
3 117635 1 0
0 117873 2 118111 
3 118111 2 118349 
1 118349 2 118587 
2 118587 1 0 
0 118706 2 118944 
3 118944 1 0 
2 119063 1 0 
1 119301 1 0 
3 119539 1 0
0 119777 1 0 
1 120015 2 120492 
2 120492 2 120730 
1 120730 2 120968 
3 120968 1 0 
0 120968 1 0 
2 121206 1 0 
1 121444 1 0 
3 121682 1 0 
2 121801 1 0 
0 121920 2 122396 
2 122396 1 0 
3 122396 1 0 
1 122635 1 0 
0 122873 1 0 
2 123111 1 0 
1 123230 1 0 
0 123349 1 0
3 123468 1 0 
2 123587 1 0 
1 123825 1 0 
3 124063 1 0 
1 124301 1 0
1 124539 1 0 
2 124777 1 0 
0 125015 1 0 
3 125135 1 0 
1 125254 1 0
0 125373 1 0 
2 125492 1 0 
2 125730 1 0 
0 125968 2 126206 
3 126206 1 0 
1 126325 2 126563 
3 126563 1 0 
2 126682 1 0 
1 126920 1 0 
2 127158 1 0
0 127396 1 0 
3 127635 1 0
1 127873 1 0
2 127992 1 0
1 128349 1 0
3 128587 1 0
0 128825 1 0 
2 129063 1 0
1 129301 2 129539 
0 129777 2 130015 
2 130015 1 0 
3 130015 1 0 
3 130373 1 0
3 130730 1 0
0 130968 1 0
1 131206 1 0
2 131444 2 131682 
0 131682 1 0 
1 131801 1 0 
3 131920 2 132158
0 132158 2 132396 
2 132396 1 0 
1 132635 1 0 
3 132873 1 0 
0 133111 2 133349 
3 133349 2 133587 
1 133587 2 133825 
2 133825 1 0 
0 133944 2 134182 
3 134182 1 0 
2 134301 1 0 
1 134539 1 0 
0 134777 1 0
2 135015 1 0 
1 135254 1 0 
0 135492 1 0 
1 135611 1 0 
2 135968 1 0 
0 136206 1 0
3 136206 1 0 
2 136444 1 0 
1 136682 1 0 
2 136920 1 0 
0 137158 1 0
3 137158 1 0 
3 137396 1 0 
3 137635 1 0 
0 137992 1 0 
3 138230 1 0 
1 138349 1 0 
2 138587 1 0 
0 138825 1 0 
1 139063 1 0 
2 139182 1 0 
1 139301 1 0 
3 139539 1 0 
0 139896 1 0 
3 140135 1 0 
2 140254 1 0 
1 140492 1 0 
2 140730 1 0 
3 140968 1 0 
0 141087 1 0 
3 141206 1 0 
1 141444 1 0 
2 141801 1 0 
0 142039 1 0 
2 142158 1 0 
1 142396 1 0 
3 142635 1 0 
0 142873 1 0 
3 143111 1 0 
1 143349 1 0 
3 143706 1 0 
0 143944 1 0 
1 144063 1 0 
2 144301 1 0 
3 144539 1 0 
1 144777 1 0
0 144777 1 0 
0 145254 1 0
0 145730 1 0
0 146206 1 0
2 146682 1 0
2 147158 1 0
2 147635 1 0
2 148111 1 0
1 148587 1 0
1 149063 1 0
1 149539 1 0
1 150015 1 0
3 150492 1 0
0 150492 1 0 
3 150968 1 0 
2 151444 2 151920 
0 151920 1 0 
1 152158 1 0 
3 152396 1 0 
2 152396 1 0 
3 152873 1 0 
2 153349 1 0 
2 153825 1 0 
1 154301 1 0 
1 154777 1 0 
0 155254 1 0 
0 155730 1 0 
3 156206 1 0 
3 156682 1 0 
0 157158 1 0 
0 157635 1 0 
1 158111 1 0 
1 158587 1 0 
2 159063 1 0 
2 159539 2 160015 
0 160015 1 0 
0 160254 1 0 
3 160492 1 0 
3 160730 1 0 
1 160968 1 0 
1 161206 1 0 
2 161444 1 0 
2 161682 1 0 
0 161920 1 0 
0 162158 1 0 
3 162396 1 0 
3 162635 1 0 
1 162873 1 0 
1 163111 1 0 
2 163349 1 0 
3 163587 2 163825 
2 163825 1 0 
0 163825 2 165730 
2 164063 1 0 
3 164301 1 0 
3 164539 1 0 
1 164777 1 0 
1 165015 1 0 
3 165254 1 0 
3 165492 1 0 
2 165730 1 0 
1 165730 1 0 
3 166682 1 0 
2 166682 1 0 
0 166920 1 0 
1 167039 1 0 
2 167158 2 167396 
3 167396 1 0 
0 167515 1 0 
3 167635 2 168111 
1 168111 1 0
0 168111 1 0 
2 168269 1 0 
3 168428 2 168587 
0 168587 1 0
2 168746 1 0 
2 168904 1 0 
1 169063 2 0 169301 
3 169301 1 0 
2 169381 1 0 
0 169539 1 0 
1 169698 1 0 
1 169857 1 0 
3 170015 2 170135 
0 170135 2 170254 
3 170254 2 170492 
1 170492 1 0
0 170492 1 0 
2 170650 1 0 
3 170809 1 0 
1 170968 1 0
0 170968 2 171206 
3 171206 1 0 
2 171325 1 0 
1 171444 1 0
1 171682 1 0 
3 171920 1 0
2 172039 1 0 
1 172158 1 0 
2 172396 1 0 
0 172635 1 0 
3 172873 1 0
1 173111 1 0 
2 173349 1 0
0 173587 1 0
3 173706 1 0
1 174063 1 0
3 174301 2 174777
0 174777 1 0
2 175015 2 175730 
0 175254 2 175730 
1 175730 1 0
3 175730 1 0 
2 176087 1 0
1 176444 1 0
2 176682 1 0
0 176920 1 0 
3 177158 2 0177396 
1 177396 1 0 
2 177635 1 0
1 177754 1 0 
0 177873 1 0 
3 178111 1 0 
3 178349 1 0 
0 178587 1 0
2 178706 1 0 
1 178944 1 0 
3 179063 2 179301 
0 179301 2 179539 
2 179539 1 0
1 179658 1 0 
0 179777 1 0 
3 179896 1 0 
2 180015 1 0 
0 180135 1 0 
1 180254 1 0 
2 180492 2 180730
0 180730 1 0 
1 180849 1 0 
3 180968 2 181444 
1 181444 2 181682
3 181682 2 181920 
0 181920 1 0 
2 182396 1 0 
0 182635 1 0 
3 182873 2 183349 
0 183349 1 0 
1 183349 1 0 
0 183885 1 0 
0 184123 1 0 
1 184420 1 0 
3 184539 2 184777 
0 184777 1 0 
1 185075 1 0 
3 185254 2 185492 
0 185492 2 185730 
2 185730 2 186206 
0 186206 1 0 
3 186444 1 0 
1 186682 1 0 
0 186682 1 0 
3 186920 1 0 
1 187039 1 0 
2 187158 1 0 
2 187396 1 0 
1 187635 1 0 
1 187873 1 0 
3 188111 2 188349
0 188349 1 0 
1 188468 1 0 
2 188587 1 0
0 188825 1 0
1 188944 1 0
2 189301 1 0
1 189539 2 190015
3 190015 1 0 
0 190254 1 0 
2 190492 1 0 
1 190730 2 190968 
3 190968 1 0 
0 190968 2 191325 
3 191325 2 191682
1 191682 2 191920
3 191920 1 0 
0 192158 1 0
2 192396 2 192635 
0 192635 1 0 
1 192754 1 0 
3 192873 1 0
3 193111 1 0 
0 193349 1 0 
1 193587 1 0 
3 193825 1 0
2 193944 2 194182 
0 194182 1 0 
1 194301 2 194539 
3 194539 2 194777 
0 194777 1 0
2 195015 1 0 
1 195254 1 0 
3 195492 1 0 
0 195730 2 195968
2 195968 1 0 
1 196206 1 0 
3 196444 1 0 
2 196563 1 0 
0 196682 1 0 
2 196920 1 0 
1 197158 2 197635
3 197635 1 0 
0 197873 2 198111 
2 198111 1 0 
3 198230 1 0 
1 198349 1 0 
0 198468 1 0 
3 198587 2 198825 
1 198825 1 0 
0 198825 1 0 
2 199063 1 0 
3 199063 1 0 
2 199301 1 0 
0 199301 1 0 
1 199539 1 0 
3 199539 1 0 
1 199777 1 0 
0 199777 1 0 
3 200015 1 0 
2 200135 1 0 
0 200254 1 0 
1 200373 1 0 
2 200492 1 0 
0 200730 1 0 
3 200730 1 0 
2 200968 1 0 
1 200968 2 201444 
0 201444 1 0 
3 201444 1 0 
2 201682 1 0 
1 201920 1 0 
0 202158 2 202396 
3 202396 1 0 
1 202515 2 202754 
3 202754 1 0 
2 202873 1 0 
1 203111 1 0 
2 203349 1 0 
0 203587 1 0 
3 203825 1 0
1 204063 1 0
2 204182 1 0
1 204539 1 0
0 204777 1 0
3 205015 1 0 
1 205254 1 0
2 205492 2 205730 
0 205730 2 206206 
2 206206 1 0 
3 206206 1 0 
3 206563 1 0
3 206920 1 0
0 207158 1 0
1 207396 1 0
2 207635 2 207873 
0 207873 1 0 
1 207992 1 0 
3 208111 2 208349
0 208349 2 208587 
2 208587 1 0 
1 208825 1 0 
3 209063 1 0
0 209301 2 209539 
3 209539 2 209777 
1 209777 2 210015 
2 210015 1 0 
0 210135 2 210373 
3 210373 1 0 
2 210492 1 0 
1 210730 1 0 
3 210968 1 0
0 211206 1 0 
1 211444 2 211920 
2 211920 2 212158
1 212158 2 212396 
3 212396 1 0 
0 212396 1 0 
2 212635 1 0 
1 212873 1 0 
2 213111 1 0 
1 213230 1 0 
0 213349 2 213825 
2 213825 1 0 
3 213825 1 0 
1 214063 1 0 
0 214301 1 0 
2 214539 1 0 
1 214658 1 0 
0 214777 1 0
3 214896 1 0 
2 215015 1 0 
1 215254 1 0 
3 215492 1 0 
1 215730 1 0
1 215968 1 0 
2 216206 1 0 
0 216444 1 0 
3 216563 1 0 
1 216682 1 0
0 216801 1 0 
2 216920 1 0 
2 217158 1 0 
0 217396 2 217635 
3 217635 1 0 
1 217754 2 217992 
3 217992 1 0 
2 218111 1 0 
1 218349 1 0 
2 218587 1 0 
0 218825 1 0 
3 219063 1 0
1 219301 1 0
2 219420 1 0
1 219777 1 0
2 220015 1 0
0 220254 1 0 
3 220492 1 0 
2 220730 2 220968 
0 221206 2 221444 
2 221444 1 0 
3 221444 1 0 
3 221801 1 0
3 222158 1 0
0 222396 1 0
1 222635 1 0
2 222873 2 223111 
0 223111 1 0 
1 223230 1 0 
3 223349 2 223587
0 223587 2 223825 
2 223825 1 0 
1 224063 1 0 
3 224301 1 0
0 224539 2 224777 
3 224777 2 225015 
1 225015 2 225254 
2 225254 1 0 
0 225373 2 225611 
3 225611 1 0 
2 225730 1 0 
1 225968 1 0 
0 226206 1 0
2 226444 1 0 
1 226682 1 0 
0 226920 1 0 
1 227039 1 0 
2 227158 1 0
1 227396 1 0 
2 227515 1 0 
0 227635 1 0
3 227635 1 0 
2 227873 1 0 
1 228111 1 0 
2 228349 1 0 
0 228586 1 0
3 228586 1 0 
1 228824 1 0 
2 228943 1 0
3 229062 1 0 
1 229300 1 0 
2 229419 1 0 
0 229538 1 0 
1 229657 1 0 
3 229776 1 0 
1 230014 1 0
0 230133 1 0 
1 230252 1 0 
2 230371 1 0 
3 230490 1 0 
0 230728 1 0 
1 230847 1 0
2 230966 1 0 
3 231205 1 0 
2 231324 1 0 
1 231443 1 0 
3 231562 1 0 
0 231681 1 0 
2 231919 1 0
0 232038 1 0 
3 232157 1 0 
1 232276 1 0 
2 232395 1 0 
2 232633 1 0 
1 232752 1 0
0 232871 1 0 
2 233109 1 0 
1 233228 1 0 
3 233347 1 0 
2 233466 1 0 
0 233586 1 0 
2 233824 1 0
3 233943 1 0 
2 234062 1 0 
1 234181 1 0 
0 234300 1 0 
3 234538 1 0 
2 234657 1 0
1 234776 1 0 
0 235014 1 0 
1 235133 1 0 
2 235252 1 0 
0 235371 1 0 
3 235490 1 0 
1 235728 1 0 
1 235847 1 0 
3 235966 1 0 
3 236086 1 0 
0 236205 1 0 
2 236443 1 0 
1 236562 1 0
0 236681 1 0 
1 236919 1 0 
0 237038 1 0 
2 237157 1 0 
1 237276 1 0 
3 237395 1 0 
1 237633 1 0
2 237752 1 0 
0 237871 1 0 
1 237990 1 0 
2 238109 1 0 
2 238347 1 0 
1 238466 1 0
0 238586 1 0 
3 238824 1 0 
2 238943 1 0 
1 239062 1 0 
3 239181 1 0 
0 239300 1 0 
2 239538 1 0
0 239657 1 0 
1 239776 1 0 
3 239895 1 0 
2 240014 1 0 
0 240252 1 0 
1 240371 1 0
2 240490 1 0 
1 240728 1 0 
0 240847 1 0 
3 240966 1 0 
2 241086 1 0 
0 241205 1 0 
2 241443 1 0
3 241562 1 0 
2 241681 1 0 
1 241800 1 0 
0 241919 2 243824 
3 241919 2 242038 
1 242157 1 0 
2 242395 2 242514 
1 242633 1 0 
3 242871 2 242990 
1 243109 1 0 
3 243347 1 0 
2 243347 1 0 
1 243586 1 0 
2 243705 1 0 
3 243824 1 0 