0 16 0
1 16 1 0
2 16 1 0
3 16 2 373
0 254 1 0
1 373 1 0
2 373 1 0
0 492 2 730
1 730 2 968
0 968 2 1206
3 1206 1 0
1 1206 1 0
2 1325 1 0
3 1444 1 0
0 1444 1 0
1 1444 1 0
3 1682 1 0
2 1801 1 0
0 1920 1 0
1 1920 1 0
0 2158 1 0
1 2277 1 0
3 2277 1 0
2 2277 1 0
3 2635 1 0
2 2754 1 0
1 2873 1 0
3 3111 1 0
2 3111 1 0
0 3230 1 0
1 3349 1 0
3 3349 1 0
2 3349 1 0
3 3587 1 0
2 3706 1 0
1 3825 1 0
0 3825 1 0
1 4063 1 0
0 4182 1 0
2 4182 1 0
3 4182 1 0
2 4539 1 0
1 4658 1 0
0 4777 1 0
1 5015 1 0
3 5015 1 0
2 5135 1 0
0 5254 1 0
1 5254 1 0
3 5254 1 0
0 5492 1 0
1 5611 1 0
3 5730 1 0
2 5730 1 0
3 5968 1 0
0 6087 1 0
1 6087 1 0
2 6087 1 0
1 6444 1 0
2 6563 1 0
3 6682 1 0
0 6920 1 0
1 6920 1 0
3 7039 1 0
0 7158 1 0
1 7158 1 0
2 7158 1 0
0 7396 1 0
1 7396 1 0
2 7515 1 0
0 7635 1 0
1 7635 1 0
3 7635 2 7992
0 7873 1 0
1 7992 1 0
2 7992 1 0
0 8111 2 8349
1 8349 2 8587
0 8587 2 8825
1 8825 1 0
3 8825 1 0
2 8944 1 0
3 9063 1 0
0 9063 1 0
1 9063 1 0
3 9301 1 0
2 9420 1 0
0 9539 1 0
1 9539 1 0
0 9777 1 0
1 9896 1 0
3 9896 1 0
2 9896 1 0
2 10254 1 0
1 10373 1 0
0 10492 1 0
3 10730 1 0
2 10730 1 0
0 10849 1 0
1 10968 1 0
3 10968 1 0
2 10968 1 0
3 11206 1 0
2 11325 1 0
1 11444 1 0
0 11444 1 0
1 11682 1 0
0 11801 1 0
2 11801 1 0
3 11801 1 0
1 12158 1 0
2 12277 1 0
3 12396 1 0
0 12635 1 0
2 12635 1 0
1 12754 1 0
0 12873 1 0
2 12873 1 0
3 12873 1 0
3 13111 1 0
2 13230 1 0
0 13349 2 14301
1 13349 1 0
1 14301 1 0
2 14301 1 0
3 14539 1 0
3 14658 1 0
0 14777 1 0
1 14867 1 0
2 14956 1 0
0 15015 1 0
1 15015 1 0
3 15015 1 0
2 15254 1 0
1 15254 1 0
3 15492 1 0
2 15611 1 0
0 15730 1 0
3 15730 1 0
1 15730 1 0
1 15849 1 0
3 15968 1 0
2 16087 1 0
0 16206 1 0
3 16206 2 16563
1 16444 1 0
2 16563 1 0
0 16682 1 0
1 16682 1 0
3 16682 1 0
2 16920 1 0
2 17039 1 0
0 17158 1 0
3 17158 1 0
1 17277 1 0
2 17396 1 0
1 17515 1 0
0 17635 1 0
2 17635 1 0
3 17635 1 0
3 17754 1 0
2 17873 1 0
1 17992 1 0
3 18111 1 0
0 18111 2 18468
2 18349 1 0
1 18468 1 0
0 18587 1 0
2 18587 1 0
3 18587 1 0
1 18825 1 0
1 18944 1 0
0 19063 1 0
3 19063 1 0
2 19182 1 0
1 19301 1 0
2 19420 1 0
0 19539 1 0
1 19539 1 0
3 19539 1 0
0 19658 1 0
1 19777 1 0
2 19896 1 0
0 20015 1 0
3 20015 2 20373
1 20254 1 0
2 20373 1 0
1 20492 1 0
0 20492 1 0
3 20492 1 0
0 20730 1 0
1 20849 1 0
3 20968 1 0
2 20968 1 0
0 21087 1 0
1 21206 1 0
0 21325 1 0
1 21444 1 0
2 21444 1 0
3 21444 1 0
3 21563 1 0
2 21682 1 0
3 21801 1 0
1 21920 1 0
0 21920 2 22277
2 22039 1 0
3 22158 1 0
1 22277 1 0
2 22396 1 0
3 22396 1 0
0 22515 1 0
1 22575 1 0
2 22635 1 0
2 22754 1 0
1 22873 1 0
3 22873 1 0
0 22873 1 0
2 23111 1 0
1 23230 1 0
0 23349 1 0
2 23349 1 0
3 23349 1 0
1 23587 1 0
2 23706 1 0
0 23825 1 0
1 23825 1 0
3 23825 1 0
2 24063 1 0
1 24182 1 0
0 24301 1 0
2 24301 1 0
3 24301 1 0
1 24539 1 0
2 24658 1 0
0 24777 1 0
1 24777 1 0
3 24777 1 0
0 25015 1 0
1 25135 1 0
0 25254 1 0
2 25254 1 0
3 25254 1 0
1 25373 1 0
3 25492 1 0
2 25611 1 0
0 25730 1 0
1 25730 1 0
3 25730 1 0
2 25849 1 0
0 25968 1 0
1 26087 1 0
2 26206 1 0
3 26206 1 0
0 26444 1 0
2 26682 1 0
3 26682 1 0
1 26682 1 0
3 26801 1 0
0 26920 1 0
1 26920 1 0
0 27039 1 0
2 27039 1 0
3 27039 1 0
1 27158 1 0
2 27277 1 0
3 27277 1 0
0 27396 1 0
1 27396 1 0
3 27396 1 0
2 27515 1 0
1 27635 1 0
0 27635 1 0
3 27754 1 0
0 27754 1 0
2 27754 1 0
1 27873 1 0
2 27992 1 0
0 28111 1 0
1 28111 1 0
3 28111 1 0
3 28230 1 0
0 28349 1 0
0 28468 1 0
3 28587 1 0
2 28587 1 0
1 28617 1 0
0 28646 1 0
3 28825 1 0
0 29063 1 0
1 29093 1 0
2 29123 1 0
0 29301 1 0
3 29539 1 0
2 29569 1 0
1 29599 1 0
3 29777 1 0
0 30015 1 0
1 30075 1 0
3 30135 1 0
2 30194 1 0
0 30254 2 30432
1 30254 1 0
3 30492 1 0
2 30492 1 0
1 30492 1 0
1 30611 1 0
0 30611 1 0
2 30730 2 30908
3 30730 2 30908
2 30968 2 31087
3 30968 2 31087
0 31087 1 0
1 31206 1 0
2 31325 2 31563
3 31325 2 31563
0 31563 1 0
1 31563 1 0
0 31682 2 31861
1 31682 2 31861
0 31920 2 32158
1 31920 2 32158
2 32158 2 32396
3 32158 2 32396
0 32396 1 0
1 32396 1 0
2 32515 1 0
3 32515 1 0
0 32635 2 32932
1 32635 2 32932
2 32873 2 32932
3 32873 2 32932
3 33111 1 0
0 33230 2 33468
1 33230 2 33468
2 33468 1 0
3 33468 1 0
2 33587 2 33765
3 33587 2 33765
3 33825 2 34063
2 33825 2 34063
0 34063 2 34301
1 34063 2 34301
2 34301 1 0
3 34301 1 0
0 34420 1 0
1 34420 1 0
2 34539 2 34718
3 34539 2 34718
2 34777 1 0
3 34777 1 0
1 34896 1 0
0 35015 1 0
1 35135 2 35373
3 35135 2 35373
0 35373 1 0
2 35373 1 0
0 35492 2 35730
2 35492 2 35730
1 35730 2 35968
3 35730 2 35968
0 35968 1 0
2 35968 1 0
1 36087 1 0
2 36206 2 36385
3 36206 2 36385
0 36444 2 36623
1 36444 2 36623
0 36682 1 0
1 36682 1 0
3 36801 1 0
0 36920 1 0
1 37039 2 37218
3 37039 2 37218
0 37277 1 0
2 37277 1 0
0 37396 2 37635
2 37396 2 37635
1 37635 2 37873
3 37635 2 37873
2 37873 2 37992
0 37873 2 37992
0 38111 1 0
1 38111 1 0
3 38111 1 0
2 38230 1 0
1 38349 1 0
0 38587 1 0
2 38587 1 0
3 38587 1 0
0 38706 1 0
1 38825 1 0
3 38944 1 0
1 39063 1 0
2 39063 1 0
0 39063 1 0
3 39182 1 0
3 39301 1 0
2 39539 1 0
1 39539 1 0
3 39539 1 0
0 39777 1 0
0 40015 1 0
3 40015 1 0
2 40015 1 0
1 40135 1 0
2 40254 1 0
0 40492 2 40551:
1 40492 2 40551
3 40492 2 40551
3 40730 1 0
1 40849 1 0
0 40968 1 0
3 40968 1 0
2 40968 1 0
1 41087 1 0
1 41206 1 0
1 41444 1 0
3 41444 1 0
0 41444 1 0
2 41682 1 0
0 41920 1 0
2 41920 1 0
3 41920 1 0
1 42039 1 0
2 42158 1 0
0 42396 1 0
2 42396 1 0
3 42396 1 0
1 42515 1 0
0 42635 1 0
2 42754 1 0
0 42873 1 0
1 42873 1 0
3 42873 1 0
2 42992 1 0
2 43111 1 0
0 43349 1 0
3 43349 1 0
1 43349 1 0
1 43587 1 0
0 43825 1 0
1 43825 1 0
2 43825 1 0
3 43825 1 0
2 44063 1 0
0 44182 1 0
1 44182 1 0
2 44301 1 0
3 44301 1 0
0 44420 1 0
1 44539 0
3 44539 1 0
2 44658 1 0
0 44777 1 0
1 44777 1 0
3 44777 1 0
0 44896 1 0
1 44896 1 0
2 45015 1 0
1 45135 1 0
0 45254 1 0
2 45254 1 0
3 45254 1 0
2 45373 1 0
1 45492 1 0
1 45611 1 0
0 45730 0
2 45730 1 0
3 45730 1 0
0 45849 1 0
1 45849 1 0
2 45968 1 0
3 45968 1 0
3 46087 1 0
0 46206 1 0
1 46206 1 0
2 46206 1 0
0 46325 1 0
3 46444 1 0
0 46563 1 0
2 46563 1 0
1 46682 1 0
2 46801 1 0
3 46801 1 0
2 46920 1 0
3 46920 1 0
0 47039 1 0
2 47158 1 0
3 47158 1 0
1 47158 1 0
0 47277 1 0
1 47277 1 0
3 47396 1 0
2 47456 1 0
1 47515 1 0
0 47575 1 0
2 47635 1 0
3 47635 1 0
0 47754 1 0
1 47754 1 0
0 47873 1 0
3 47873 1 0
2 47992 1 0
0 48111 1 0
1 48111 1 0
3 48111 1 0
3 48230 1 0
0 48349 1 0
1 48468 1 0
2 48468 1 0
3 48587 1 0
2 48706 1 0
0 48706 1 0
1 48825 1 0
3 48825 1 0
2 48944 1 0
1 49063 1 0
3 49063 1 0
0 49063 1 0
0 49182 1 0
1 49182 1 0
3 49301 1 0
2 49361 1 0
0 49420 1 0
1 49480 1 0
2 49539 1 0
3 49539 1 0
1 49658 1 0
0 49658 1 0
2 49777 1 0
3 49777 1 0
0 49896 1 0
1 50015 1 0
2 50015 1 0
3 50015 1 0
2 50135 1 0
0 50254 1 0
1 50373 1 0
3 50373 1 0
2 50492 1 0
0 50611 1 0
1 50611 1 0
3 50730 1 0
2 50730 1 0
1 50849 1 0
2 50968 1 0
3 50968 1 0
0 50968 1 0
0 51087 1 0
1 51087 1 0
3 51206 1 0
2 51265 1 0
1 51325 1 0
0 51385 1 0
2 51444 1 0
3 51444 1 0
0 51563 1 0
1 51563 1 0
3 51682 1 0
0 51682 1 0
2 51801 1 0
3 51920 1 0
0 51920 1 0
1 51920 1 0
3 52039 1 0
1 52158 1 0
0 52158 1 0
3 52277 1 0
2 52277 1 0
1 52396 1 0
0 52515 1 0
3 52515 1 0
2 52515 1 0
3 52635 1 0
2 52635 1 0
0 52754 1 0
1 52754 1 0
3 52873 1 0
2 52873 1 0
0 52873 1 0
2 52992 1 0
3 52992 1 0
0 53111 1 0
1 53170 1 0
2 53230 1 0
3 53289 1 0
0 53349 1 0
1 53349 1 0
0 53468 1 0
1 53468 1 0
2 53587 1 0
3 53587 1 0
3 53706 1 0
0 53825 1 0
1 53825 1 0
2 53825 1 0
1 53944 1 0
3 54063 1 0
0 54182 1 0
2 54182 1 0
1 54301 1 0
2 54420 1 0
3 54420 1 0
0 54539 1 0
1 54539 1 0
3 54658 1 0
1 54777 1 0
2 54777 1 0
0 54777 1 0
2 54896 1 0
3 54896 1 0
0 55015 1 0
1 55075 1 0
2 55135 1 0
3 55194 1 0
0 55254 1 0
1 55254 1 0
2 55373 1 0
3 55373 1 0
0 55492 1 0
3 55492 1 0
1 55611 1 0
0 55730 1 0
3 55730 1 0
2 55730 1 0
0 55849 1 0
2 55968 1 0
1 56087 1 0
0 56087 1 0
3 56206 1 0
0 56325 1 0
2 56325 1 0
3 56444 1 0
1 56444 1 0
2 56563 1 0
0 56682 1 0
1 56682 1 0
3 56682 1 0
2 56801 1 0
3 56801 1 0
0 56920 1 0
1 56980 1 0
3 57039 1 0
2 57099 1 0
0 57158 1 0
1 57158 1 0
0 57277 1 0
1 57277 1 0
2 57396 1 0
3 57396 1 0
3 57515 1 0
0 57635 1 0
1 57635 1 0
2 57635 1 0
1 57754 1 0
3 57873 1 0
0 57992 1 0
2 57992 1 0
1 58111 1 0
2 58230 1 0
3 58230 1 0
2 58349 1 0
3 58349 1 0
0 58468 1 0
1 58587 1 0
3 58587 1 0
2 58587 1 0
0 58706 1 0
1 58706 1 0
3 58825 1 0
2 58885 1 0
1 58944 1 0
0 59004 1 0
2 59063 2859539
3 59063 1 0
0 59301 1 0
3 59301 2 59539
0 59539 1 0
1 59539 1 0
3 59777 1 0
0 59896 1 0
3 60015 1 0
2 60015 1 0
3 60135 1 0
0 60135 1 0
1 60135 1 0
1 60254 2 60432
0 60254 2 60432
0 60492 2 60730
3 60492 2 60730
2 60492 1 0
1 60730 1 0
0 60968 1 0
2 60968 1 0
3 60968 1 0
1 60968 1 0
1 61206 1 0
0 61325 1 0
2 61444 1 0
3 61444 1 0
1 61682 1 0
0 61801 1 0
2 61920 1 0
3 61920 1 0
1 62158 1 0
0 62277 1 0
2 62396 1 0
3 62396 1 0
1 62635 1 0
2 62754 1 0
3 62873 1 0
0 62873 1 0
2 63111 1 0
3 63230 1 0
0 63349 1 0
1 63349 1 0
2 63587 1 0
3 63706 1 0
0 63825 1 0
1 63825 1 0
2 64063 1 0
3 64182 1 0
0 64301 1 0
1 64301 1 0
2 64539 1 0
1 64658 1 0
0 64777 1 0
3 64777 1 0
2 64896 1 0
1 65015 1 0
0 65135 1 0
2 65254 1 0
3 65254 1 0
0 65492 1 0
1 65611 1 0
2 65730 1 0
3 65730 1 0
0 65849 1 0
1 65968 1 0
2 66087 1 0
3 66206 1 0
0 66206 1 0
1 66444 1 0
2 66563 1 0
3 66682 1 0
0 66682 1 0
1 66801 1 0
2 66920 1 0
3 67039 1 0
0 67158 1 0
1 67158 1 0
3 67396 1 0
2 67515 1 0
0 67635 1 0
1 67635 1 0
3 67754 1 0
2 67873 1 0
3 67992 1 0
0 68111 2868468
1 68111 2 68349
3 68349 2 68468
0 68587 1 0
2 68587 1 0
3 68587 1 0
1 68706 1 0
3 68825 1 0
0 68825 1 0
2 68944 1 0
0 69063 1 0
1 69063 1 0
3 69182 1 0
0 69301 1 0
2 69301 1 0
1 69420 1 0
2 69539 1 0
3 69539 1 0
0 69658 1 0
1 69777 1 0
3 69777 1 0
2 69896 1 0
0 70015 1 0
1 70015 1 0
3 70135 1 0
0 70254 1 0
2 70254 1 0
1 70373 1 0
2 70492 1 0
3 70492 1 0
0 70611 1 0
1 70730 1 0
2 70730 1 0
3 70849 1 0
1 70968 1 0
2 70968 1 0
0 71087 1 0
1 71206 1 0
2 71206 1 0
3 71325 1 0
0 71444 1 0
1 71444 1 0
2 71563 1 0
0 71682 1 0
3 71682 1 0
1 71801 1 0
3 71920 1 0
2 71920 1 0
3 72158 2 72396
0 72396 1 0
1 72396 1 0
2 72456 1 0
3 72515 1 0
0 72515 1 0
1 72575 1 0
3 72635 1 0
2 72635 1 0
1 72694 1 0
0 72754 1 0
3 72754 1 0
2 72813 1 0
0 72873 1 0
1 72873 1 0
2 72932 1 0
3 72992 1 0
0 72992 1 0
1 73051 1 0
3 73111 1 0
2 73111 1 0
1 73170 1 0
0 73230 1 0
3 73230 1 0
2 73289 1 0
0 73349 1 0
1 73349 1 0
2 73408 1 0
3 73468 1 0
0 73468 1 0
1 73527 1 0
3 73587 1 0
2 73587 1 0
1 73646 1 0
0 73706 1 0
3 73706 1 0
2 73765 1 0
1 73825 1 0
0 73825 1 0
2 73885 1 0
3 73885 1 0
1 73944 1 0
0 73944 1 0
2 74004 1 0
3 74004 1 0
0 74063 1 0
1 74063 1 0
3 74123 1 0
2 74123 1 0
0 74182 1 0
1 74182 1 0
3 74242 1 0
2 74242 1 0
0 74301 1 0
1 74301 1 0
1 75254 1 0
3 75254 1 0
3 75373 1 0
1 75492 1 0
0 75492 1 0
2 75581 1 0
3 75581 1 0
0 75730 1 0
1 75730 1 0
1 75819 1 0
0 75819 1 0
2 75908 1 0
0 75968 1 0
1 75968 1 0
3 75968 1 0
3 76206 2876623
2 76206 2 76444
0 76444 2 76623
0 76682 1 0
1 76682 1 0
3 76682 1 0
2 76801 1 0
0 76920 1 0
2 77039 1 0
3 77039 1 0
1 77039 1 0
3 77158 1 0
0 77277 1 0
0 77396 1 0
1 77396 1 0
3 77396 1 0
2 77515 1 0
0 77635 1 0
1 77635 1 0
3 77635 1 0
2 77754 1 0
0 77873 1 0
1 77873 1 0
3 77873 1 0
2 77992 1 0
1 78111 1 0
0 78111 1 0
2 78349 2 78587
0 78587 1 0
1 78587 1 0
3 78587 1 0
3 78706 1 0
0 78825 1 0
0 78944 1 0
1 78944 1 0
3 78944 1 0
2 79063 1 0
1 79182 1 0
0 79301 1 0
2 79301 1 0
3 79301 1 0
1 79420 1 0
0 79539 1 0
2 79539 1 0
3 79539 1 0
1 79658 1 0
3 79777 2 80015
2 79896 2 80015
0 80015 2880135
1 80015 2 80135
2 80254 2 80492
3 80373 2 80492
0 80492 1 0
1 80492 1 0
3 80611 1 0
0 80730 1 0
1 80789 1 0
2 80849 1 0
3 80849 1 0
1 80968 1 0
1 81087 1 0
0 81206 1 0
3 81206 1 0
1 81325 1 0
0 81444 1 0
3 81444 1 0
2 81444 1 0
2 81563 1 0
0 81682 1 0
3 81682 1 0
1 81682 1 0
0 81920 1 0
3 81920 1 0
2 81920 1 0
1 82158 1 0
3 82158 1 0
1 82277 1 0
3 82277 1 0
0 82396 1 0
0 82515 1 0
1 82635 1 0
2 82635 1 0
3 82635 1 0
3 82754 1 0
0 82873 1 0
1 82873 1 0
2 82873 1 0
1 82992 1 0
2 83111 2 83170
3 83111 2 83170
2 83230 2 83289
3 83230 2 83289
0 83349 1 0
1 83349 1 0
3 83349 1 0
0 83468 1 0
1 83587 2 83825
2 83587 1 0
2 83825 2 83904
3 83904 2 83984
1 83984 2 84063
0 84063 2 84142
2 84142 2 84222
3 84222 2 84301
0 84301 1 0
2 84301 1 0
1 84301 1 0
1 84420 1 0
2 84539 1 0
0 84658 1 0
3 84658 1 0
1 84658 1 0
3 84777 1 0
2 84837 1 0
1 84896 1 0
0 85015 1 0
2 85015 1 0
3 85015 1 0
2 85135 1 0
0 85254 1 0
1 85254 1 0
3 85254 1 0
0 85373 1 0
1 85492 1 0
2 85492 1 0
3 85492 1 0
3 85611 1 0
1 85730 1 0
0 85730 1 0
2 85968 2 86206
0 86206 1 0
1 86206 1 0
3 86206 1 0
3 86325 1 0
0 86444 1 0
1 86563 1 0
2 86563 1 0
3 86563 1 0
2 86682 1 0
0 86801 1 0
1 86861 1 0
2 86920 1 0
3 86920 1 0
0 87039 1 0
0 87158 1 0
1 87158 1 0
3 87158 1 0
2 87277 1 0
1 87337 1 0
0 87396 2 87635
3 87396 2 87813
2 87635 2887813
0 87873 2 88051
1 87873 2 88051
0 88111 1 0
1 88111 1 0
3 88111 1 0
3 88230 1 0
1 88349 1 0
2 88408 1 0
3 88468 1 0
0 88468 1 0
1 88527 1 0
2 88587 1 0
3 88587 1 0
0 88706 1 0
0 88825 1 0
1 88825 1 0
3 88944 1 0
3 89063 1 0
1 89063 1 0
2 89063 1 0
0 89182 1 0
0 89301 1 0
1 89301 1 0
2 89301 1 0
1 89539 1 0
0 89539 1 0
2 89658 1 0
0 89777 1 0
3 89777 1 0
3 89896 1 0
2 89896 1 0
0 90015 1 0
1 90015 1 0
1 90135 1 0
3 90254 1 0
2 90254 1 0
0 90373 1 0
1 90373 1 0
2 90492 1 0
3 90492 1 0
3 90730 1 0
3 90849 1 0
0 91087 1 0
0 91206 1 0
1 91206 1 0
2 91325 1 0
3 91325 1 0
0 91444 1 0
3 91444 1 0
2 91623 1 0
3 91652 1 0
1 91742 1 0
0 91771 1 0
2 91861 1 0
3 91890 1 0
1 91980 1 0
0 92010 1 0
2 92099 1 0
3 92129 1 0
2 92396 1 0
3 92396 1 0
0 92635 1 0
3 92635 1 0
0 92754 1 0
3 92754 1 0
1 92873 1 0
2 92962 1 0
1 93051 1 0
0 93111 1 0
3 93111 1 0
2 93111 1 0
0 93349 1 0
1 93349 1 0
3 93349 1 0
2 93587 2 93825
0 93825 1 0
1 93825 1 0
3 93825 1 0
0 93944 1 0
3 94063 1 0
3 94182 1 0
2 94182 1 0
0 94182 1 0
1 94301 1 0
2 94420 1 0
3 94539 1 0
0 94539 1 0
1 94539 1 0
2 94658 1 0
3 94777 1 0
1 94777 1 0
0 94777 1 0
2 94896 1 0
3 95015 2 95254
0 95015 2 95432
1 95254 2895432
2 95492 2 95670
3 95492 2 95670
0 95730 1 0
2 95730 1 0
3 95730 1 0
1 95849 1 0
2 95968 1 0
1 96027 1 0
0 96087 1 0
3 96087 1 0
2 96146 1 0
0 96206 1 0
1 96206 1 0
3 96325 1 0
3 96444 1 0
1 96444 1 0
2 96563 1 0
0 96682 1 0
3 96682 1 0
1 96682 1 0
0 96801 1 0
1 96920 1 0
3 96920 1 0
2 96920 1 0
1 97158 1 0
2 97158 1 0
3 97158 1 0
0 97396 1 0
2 97396 1 0
0 97515 1 0
2 97515 1 0
3 97635 1 0
3 97754 1 0
0 97873 1 0
2 97873 1 0
1 97873 1 0
1 97992 1 0
2 98111 1 0
3 98111 1 0
0 98111 1 0
2 98230 1 0
0 98349 2 98408
1 98349 2 98408
0 98468 2 98527
1 98468 2 98527
0 98587 1 0
2 98587 1 0
3 98587 1 0
1 98706 1 0
2 98825 1 0
0 99301 2 99480
1 99480 1 0
2 99539 1 0
3 99539 1 0
0 99539 1 0
3 99698 1 0
0 99857 1 0
0 100015 1 0
1 100015 1 0
3 100015 1 0
2 100095 1 0
1 100174 1 0
0 100254 1 0
2 100333 1 0
3 100333 1 0
2 100492 1 0
3 100492 1 0
0 100650 1 0
1 100730 1 0
2 100809 1 0
3 100809 1 0
1 100968 1 0
2 100968 1 0
0 101127 1 0
3 101285 1 0
0 101444 1 0
3 101444 1 0
1 101603 1 0
1 101682 1 0
3 101762 1 0
2 101841 1 0
0 101920 1 0
1 101920 1 0
3 101920 1 0
2 102000 1 0
0 102079 1 0
1 102158 1 0
2 102238 1 0
3 102238 1 0
0 102396 1 0
1 102396 1 0
3 102635 2 102754
2 102754 2 102873
3 102873 1 0
0 102873 2 103289
1 102873 2 102992
1 103111 2 103289
0 103349 1 0
1 103349 1 0
3 103349 1 0
2 103468 1 0
0 103587 1 0
1 103646 1 0
3 103706 1 0
2 103706 1 0
1 103765 1 0
3 103825 1 0
0 103825 1 0
2 103944 1 0
0 104063 1 0
1 104063 1 0
0 104182 1 0
1 104301 1 0
2 104301 1 0
3 104301 1 0
3 104420 1 0
2 104539 28104658
1 104539 2 104658
1 104777 1 0
2 104777 1 0
3 104896 1 0
2 105015 1 0
0 105015 1 0
0 105135 1 0
1 105135 1 0
3 105254 1 0
2 105254 1 0
3 105373 1 0
0 105492 1 0
2 105492 1 0
1 105611 1 0
3 105611 1 0
0 105730 1 0
2 105730 1 0
0 105849 1 0
0 105968 1 0
1 106206 1 0
2 106325 1 0
3 106325 1 0
0 106444 1 0
1 106444 1 0
0 106563 1 0
1 106563 1 0
3 106682 28106742
2 106742 2 106801
1 106801 2 106920
0 106861 2 106920
3 106920 2 107099
3 107158 1 0
2 107158 1 0
0 107158 2 107396
3 107396 2 107635
1 107396 1 0
2 107635 1 0
0 107635 2 107873
2 107873 2 107932
3 107873 2 107932
2 107992 2 108051
3 107992 2 108051
0 108111 1 0
3 108111 1 0
1 108111 1 0
0 108230 1 0
1 108349 1 0
2 108349 1 0
3 108587 1 0
1 108587 1 0
2 108646 1 0
0 108706 1 0
1 108765 1 0
2 108825 1 0
3 108825 1 0
0 108944 1 0
3 109063 1 0
2 109063 1 0
1 109063 1 0
2 109182 1 0
1 109301 1 0
1 109420 1 0
0 109539 28109777
3 109539 2 109658
2 109777 1 0
3 109777 1 0
0 109896 1 0
1 109896 1 0
0 110015 1 0
3 110015 1 0
2 110015 1 0
3 110135 1 0
0 110254 2 110432
1 110254 2 110432
0 110492 28110611
1 110492 2 110611
2 110492 1 0
3 110730 1 0
0 110849 1 0
1 110908 1 0
3 110968 1 0
2 110968 1 0
0 110968 1 0
1 111087 1 0
1 111206 1 0
2 111325 1 0
3 111325 1 0
0 111444 1 0
3 111444 2 111682
0 111682 2 111920
2 111682 1 0
1 111920 1 0
2 111920 1 0
3 111920 1 0
1 112039 1 0
3 112158 1 0
2 112277 1 0
0 112396 1 0
1 112396 1 0
3 112396 1 0
2 112515 1 0
0 112635 1 0
1 112635 1 0
3 112635 1 0
0 112754 1 0
2 112754 1 0
3 112754 1 0
1 112873 1 0
2 112992 1 0
0 113111 1 0
1 113111 1 0
3 113111 1 0
2 113230 1 0
0 113349 1 0
1 113349 1 0
3 113349 2 113825
2 113587 2 113825
1 113587 1 0
1 113825 1 0
0 113825 2 114063
3 114063 2 114301
2 114063 1 0
1 114301 2 114381
0 114381 2 114460
2 114460 2 114539
3 114539 2 114619
1 114619 2 114698
0 114698 2 114777
1 114777 1 0
3 114777 1 0
2 114777 1 0
2 114896 1 0
2 115015 1 0
0 115135 1 0
1 115135 1 0
3 115135 1 0
1 115254 1 0
1 115373 1 0
0 115492 1 0
2 115492 1 0
3 115492 1 0
3 115611 1 0
0 115730 1 0
1 115730 1 0
2 115730 1 0
0 115849 1 0
1 115968 1 0
2 115968 1 0
3 115968 1 0
2 116206 1 0
3 116206 1 0
0 116265 1 0
1 116325 1 0
2 116385 1 0
3 116444 1 0
0 116444 1 0
1 116563 1 0
0 116682 1 0
2 116682 1 0
3 116682 1 0
0 116801 1 0
3 116920 1 0
3 117039 1 0
1 117158 2 117396
2 117158 28117277
2 117396 1 0
1 117515 1 0
3 117635 1 0
2 117635 1 0
0 117635 1 0
0 117754 1 0
2 117873 2 118051
3 117873 2 118051
1 118111 1 0
2 118111 2 118230
3 118111 2 118230
0 118349 1 0
3 118468 1 0
2 118527 1 0
0 118587 1 0
1 118587 1 0
3 118587 1 0
2 118706 1 0
2 118825 1 0
0 118944 1 0
1 118944 1 0
3 119063 1 0
0 119063 2 119301
3 119301 2 119539
1 119301 1 0
0 119539 1 0
1 119539 1 0
2 119539 1 0
2 119658 1 0
0 119777 1 0
1 119896 1 0
2 120015 1 0
3 120015 1 0
0 120135 1 0
2 120254 1 0
3 120254 1 0
0 120373 1 0
1 120373 1 0
0 120492 1 0
2 120492 1 0
3 120492 1 0
2 120611 1 0
0 120730 1 0
3 120730 1 0
1 120849 1 0
3 120968 2 121444:
2 120968 1 0
2 121206 2 121444
0 121206 1 0
0 121444 2 121682
1 121444 1 0
3 121682 1 0
2 121682 1 0
0 121801 1 0
1 121801 1 0
3 121920 28121980
2 121980 2 122039
1 122039 2 122158
0 122099 2 122158
3 122158 2 122337
2 122396 1 0
3 122396 1 0
0 122396 2 122635
1 122635 1 0
3 122635 2 122873
0 122873 28123111
2 122873 1 0
1 123111 2 123170
3 123111 2 123170
1 123230 2 123289
3 123230 2 123289
0 123349 1 0
2 123349 1 0
3 123349 1 0
1 123468 1 0
2 123587 1 0
3 123587 1 0
0 123825 1 0
2 123825 1 0
1 123885 1 0
3 123944 1 0
2 124004 1 0
0 124063 1 0
1 124063 1 0
3 124182 1 0
2 124301 1 0
0 124301 1 0
1 124301 1 0
2 124420 1 0
1 124539 1 0
1 124658 1 0
3 124777 28125015
2 124777 2 124896
2 125015 1 0
1 125135 1 0
3 125254 1 0
2 125254 1 0
0 125254 1 0
3 125373 1 0
0 125492 2 125670
2 125492 2 125670
0 125730 28125849
1 125730 2 125849
2 125730 1 0
3 125968 1 0
3 126087 1 0
2 126146 1 0
0 126206 1 0
1 126206 1 0
3 126206 1 0
0 126325 1 0
0 126444 1 0
2 126563 1 0
3 126563 1 0
3 126682 28126920
1 126682 1 0
2 126920 1 0
0 126920 2 127158
3 127158 1 0
2 127158 1 0
1 127158 1 0
3 127277 1 0
0 127396 1 0
1 127515 1 0
0 127635 1 0
2 127635 1 0
3 127635 1 0
1 127754 1 0
0 127873 1 0
2 127873 1 0
3 127873 1 0
0 127992 1 0
1 127992 1 0
3 127992 1 0
2 128111 1 0
1 128230 1 0
0 128349 1 0
2 128349 1 0
3 128349 1 0
1 128468 1 0
2 128587 1 0
3 128587 1 0
0 128587 2 129063
1 128825 2 129063
2 128825 1 0
2 129063 1 0
3 129063 2 129956
0 129301 1 0
1 129301 1 0
0 129777 2 129956
0 130015 1 0
1 130015 1 0
3 130015 1 0
2 130015 1 0
2 130135 1 0
1 130254 1 0
0 130373 1 0
3 130373 1 0
2 130373 1 0
1 130373 1 0
2 130492 1 0
1 130611 1 0
0 130730 1 0
2 130730 1 0
3 130730 1 0
1 130730 1 0
3 130849 1 0
2 130968 1 0
1 130968 1 0
0 130968 1 0
0 131087 1 0
3 131206 1 0
1 131206 1 0
2 131206 1 0
2 131444 1 0
3 131444 1 0
0 131504 1 0
2 131563 1 0
1 131623 1 0
3 131682 1 0
3 131801 1 0
2 131920 1 0
1 131920 1 0
0 131920 1 0
1 132039 1 0
3 132158 1 0
2 132277 1 0
0 132396 28132635
1 132396 2 132515
1 132635 1 0
3 132754 1 0
2 132873 1 0
1 132873 1 0
0 132873 1 0
0 132992 1 0
3 133111 2 133289
1 133111 2 133289
3 133349 28133468
2 133349 2 133468
1 133349 1 0
0 133587 1 0
0 133706 1 0
1 133765 1 0
0 133825 1 0
2 133825 1 0
3 133825 1 0
3 133944 1 0
3 134063 1 0
0 134182 1 0
1 134182 1 0
0 134301 1 0
3 134301 2 134539
0 134539 2 134777
2 134539 1 0
1 134777 1 0
2 134777 1 0
3 134777 1 0
1 134896 1 0
3 135015 1 0
2 135135 1 0
0 135254 1 0
1 135254 1 0
3 135373 1 0
0 135492 1 0
1 135492 1 0
2 135611 1 0
3 135611 1 0
0 135730 1 0
3 135730 1 0
1 135730 1 0
2 135849 1 0
0 135968 1 0
1 135968 1 0
0 136087 1 0
2 136087 1 0
3 136087 1 0
3 136206 2 136444:
1 136206 1 0
0 136444 2 136920
2 136444 1 0
1 136682 2 136920
3 136682 1 0
2 136920 1 0
3 136920 1 0
0 137039 1 0
1 137039 1 0
3 137158 1 0
2 137158 1 0
0 137158 1 0
3 137277 1 0
2 137277 1 0
1 137396 2 137575
0 137396 2 137575
1 137635 2 137754
0 137635 2 137754
3 137754 1 0
2 137873 1 0
1 137992 2 138230
0 137992 2 138230
3 138230 1 0
2 138230 1 0
3 138349 2 138527
2 138349 2 138527
3 138587 2 138825
2 138587 2 138825
1 138825 2 139063
0 138825 2 139063
3 139063 1 0
2 139063 1 0
1 139182 1 0
0 139182 1 0
3 139301 2 139599
2 139301 2 139599
1 139539 2 139599
0 139539 2 139599
0 139777 1 0
3 139896 2 140135
2 139896 2 140135
1 140135 1 0
0 140135 1 0
1 140254 2 140432
0 140254 2 140432
0 140492 2 140730
1 140492 2 140730
3 140730 2 140968
2 140730 2 140968
1 140968 1 0
0 140968 1 0
3 141087 1 0
2 141087 1 0
1 141206 2 141385
0 141206 2 141385
1 141444 1 0
0 141444 1 0
2 141563 1 0
3 141682 1 0
2 141801 2 142039
0 141801 2 142039
3 142039 1 0
1 142039 1 0
3 142158 2 142396
1 142158 2 142396
2 142396 2 142635
0 142396 2 142635
3 142635 1 0
1 142635 1 0
2 142754 1 0
1 142873 2 143051
0 142873 2 143051
3 143111 2 143289
2 143111 2 143289
3 143349 1 0
2 143349 1 0
0 143468 1 0
3 143587 1 0
2 143706 2 143885
0 143706 2 143885
3 143944 1 0
1 143944 1 0
3 144063 2 144301
1 144063 2 144301
2 144301 2 144539
0 144301 2 144539
1 144539 2 144658
3 144539 2 144658
3 144777 1 0
2 144777 1 0
0 144777 1 0
1 144896 1 0
2 145015 1 0
3 145254 1 0
1 145254 1 0
0 145254 1 0
2 145373 1 0
0 145492 1 0
3 145611 1 0
0 145730 1 0
2 145730 1 0
1 145730 1 0
3 145849 1 0
3 145968 1 0
2 146206 1 0
3 146206 1 0
1 146206 1 0
0 146444 1 0
3 146682 1 0
0 146682 1 0
1 146682 1 0
2 146801 1 0
1 146920 1 0
3 147158 2 147218:
2 147158 2 147218
0 147158 2 147218
1 147396 1 0
0 147515 1 0
3 147635 1 0
2 147635 1 0
1 147635 1 0
0 147754 1 0
0 147873 1 0
3 148111 1 0
2 148111 1 0
0 148111 1 0
1 148349 1 0
3 148587 1 0
2 148587 1 0
0 148587 1 0
1 148706 1 0
2 148825 1 0
3 149063 1 0
1 149063 1 0
0 149063 1 0
2 149182 1 0
0 149301 1 0
2 149420 1 0
3 149539 1 0
1 149539 1 0
0 149539 1 0
2 149658 1 0
2 149777 1 0
0 149896 1 0
3 150015 1 0
1 150015 1 0
2 150015 1 0
1 150254 1 0
3 150492 1 0
2 150492 1 0
1 150492 1 0
0 150492 1 0
1 150730 1 0
3 150849 1 0
2 150849 1 0
1 150968 1 0
0 150968 1 0
3 151087 1 0
2 151206 0
0 151206 1 0
1 151325 1 0
3 151444 1 0
2 151444 1 0
0 151444 1 0
3 151563 1 0
2 151563 1 0
1 151682 1 0
2 151801 1 0
3 151920 1 0
1 151920 1 0
0 151920 1 0
2 152158 1 0
0 152396 1 0
2 152396 1 0
3 152396 1 0
1 152396 1 0
1 152635 1 0
0 152754 1 0
2 152873 1 0
3 152873 1 0
1 153111 1 0
0 153230 1 0
2 153349 1 0
3 153349 1 0
1 153587 1 0
0 153706 1 0
2 153825 1 0
3 153825 1 0
1 154063 1 0
2 154182 1 0
3 154301 1 0
0 154301 1 0
2 154539 1 0
3 154658 1 0
0 154777 1 0
1 154777 1 0
2 155015 1 0
3 155135 1 0
0 155254 1 0
1 155254 1 0
2 155492 1 0
3 155611 1 0
0 155730 1 0
1 155730 1 0
2 155968 1 0
1 156087 1 0
0 156206 1 0
3 156206 1 0
2 156325 1 0
1 156444 1 0
0 156563 1 0
2 156682 1 0
3 156682 1 0
0 156920 1 0
1 157039 1 0
2 157158 1 0
3 157158 1 0
0 157277 1 0
1 157396 1 0
2 157515 1 0
3 157635 1 0
0 157635 1 0
1 157873 1 0
2 157992 1 0
3 158111 1 0
0 158111 1 0
1 158230 1 0
2 158349 1 0
3 158468 1 0
0 158587 1 0
1 158587 1 0
3 158825 1 0
2 158944 1 0
0 159063 1 0
1 159063 1 0
3 159182 1 0
2 159301 1 0
1 159420 1 0
0 159539 28159896
3 159539 2 159777
1 159777 2 159896
0 160015 1 0
2 160015 1 0
3 160015 1 0
1 160135 1 0
3 160254 1 0
0 160254 1 0
2 160373 1 0
0 160492 1 0
1 160492 1 0
3 160611 1 0
0 160730 1 0
2 160730 1 0
1 160849 1 0
2 160968 1 0
3 160968 1 0
0 161087 1 0
1 161206 1 0
3 161206 1 0
2 161325 1 0
0 161444 1 0
1 161444 1 0
3 161563 1 0
0 161682 1 0
2 161682 1 0
1 161801 1 0
2 161920 1 0
3 161920 1 0
0 162039 1 0
1 162158 1 0
2 162158 1 0
3 162277 1 0
1 162396 1 0
2 162396 1 0
0 162515 1 0
1 162635 1 0
2 162635 1 0
3 162754 1 0
0 162873 1 0
1 162873 1 0
2 162992 1 0
0 163111 1 0
3 163111 1 0
1 163230 1 0
3 163349 1 0
2 163349 1 0
3 163587 2 163825
0 163825 1 0
1 163825 1 0
2 163885 1 0
1 163944 1 0
3 163944 1 0
0 164004 1 0
3 164063 1 0
2 164063 1 0
1 164123 1 0
0 164182 1 0
2 164182 1 0
3 164242 1 0
0 164301 1 0
1 164301 1 0
2 164361 1 0
1 164420 1 0
3 164420 1 0
0 164480 1 0
3 164539 1 0
2 164539 1 0
1 164599 1 0
0 164658 1 0
2 164658 1 0
3 164718 1 0
0 164777 1 0
1 164777 1 0
2 164837 1 0
3 164896 1 0
1 164896 1 0
0 164956 1 0
3 165015 1 0
2 165015 1 0
1 165075 1 0
0 165135 1 0
2 165135 1 0
3 165194 1 0
1 165254 1 0
0 165254 1 0
2 165313 1 0
3 165313 1 0
1 165373 1 0
0 165373 1 0
2 165432 1 0
3 165432 1 0
0 165492 1 0
1 165492 1 0
3 165551 1 0
2 165551 1 0
0 165611 1 0
1 165611 1 0
3 165670 1 0
2 165670 1 0
0 165730 1 0
1 165730 1 0
0 166682 1 0
2 166682 1 0
3 166682 1 0
3 166801 1 0
1 166920 1 0
1 167039 1 0
3 167158 28167396
2 167277 2 167396
0 167396 1 0
1 167396 1 0
2 167515 1 0
3 167515 1 0
0 167635 28167873
1 167635 1 0
3 167754 2 167873
2 167873 2 168111
0 168111 1 0
1 168111 1 0
3 168269 1 0
0 168428 1 0
1 168508 1 0
0 168587 1 0
3 168587 1 0
2 168587 1 0
2 168746 1 0
2 168904 1 0
0 169063 1 0
1 169142 1 0
3 169222 1 0
2 169301 1 0
0 169381 1 0
1 169381 1 0
2 169539 1 0
3 169539 1 0
1 169698 1 0
1 169857 1 0
2 170015 2 170075
3 170015 2 170075
0 170135 2 170194
1 170135 2 170194
2 170254 2 170432
3 170254 2 170432
0 170492 1 0
3 170492 1 0
1 170492 1 0
2 170650 1 0
2 170809 1 0
0 170968 1 0
3 170968 1 0
2 171027 1 0
1 171087 1 0
0 171146 1 0
2 171206 1 0
3 171206 1 0
1 171325 1 0
0 171325 1 0
0 171444 1 0
2 171444 2 171504
3 171444 2 171504
2 171563 2 171623
3 171563 2 171623
0 171682 2 171742
1 171682 2 171742
0 171801 2 171861
1 171801 2 171861
3 171920 1 0
2 171920 1 0
1 171920 1 0
2 172039 1 0
2 172158 1 0
0 172277 1 0
1 172396 1 0
3 172396 1 0
2 172515 1 0
2 172635 1 0
0 172754 1 0
1 172873 1 0
3 172873 1 0
2 172873 1 0
0 172992 1 0
1 173051 1 0
2 173111 1 0
0 173230 1 0
0 173349 1 0
3 173349 1 0
1 173349 1 0
1 173587 1 0
2 173587 1 0
1 173706 1 0
2 173706 1 0
3 173825 2 173885
2 173944 2 174004
1 174063 1 0
0 174063 1 0
3 174063 2 174301
0 174301 1 0
2 174301 1 0
1 174301 1 0
0 174420 1 0
1 174539 1 0
1 174658 1 0
2 174777 1 0
0 174777 1 0
3 174777 1 0
3 175015 2 175254
0 175254 2 175333
1 175333 2 175412
3 175412 2 175492
2 175492 2 175571
1 175571 2 175650
0 175650 2 175730
1 175730 1 0
3 175730 1 0
2 175730 1 0
2 175849 1 0
1 175968 1 0
0 175968 1 0
0 176087 1 0
2 176087 1 0
3 176087 1 0
1 176206 1 0
2 176325 1 0
3 176325 1 0
0 176444 1 0
1 176444 1 0
3 176444 1 0
1 176563 1 0
0 176682 1 0
2 176682 2 176801
3 176682 2 176801
1 176920 28177039
2 176920 2 177039
0 177158 28177396
1 177158 2 177277
1 177396 1 0
3 177515 1 0
2 177635 1 0
0 177635 1 0
1 177635 1 0
3 177754 1 0
2 177754 1 0
0 177873 2 178051
1 177873 2 178051
2 178111 1 0
3 178111 1 0
3 178230 1 0
1 178349 1 0
1 178468 1 0
0 178587 1 0
2 178587 1 0
3 178587 1 0
2 178706 2 178944
3 178944 1 0
0 179063 1 0
1 179063 1 0
0 179182 1 0
1 179182 1 0
2 179301 1 0
3 179301 1 0
2 179420 1 0
3 179420 1 0
0 179539 1 0
1 179539 1 0
3 179539 1 0
2 179658 1 0
2 179777 1 0
0 180015 1 0
3 180015 1 0
1 180135 1 0
1 180254 1 0
0 180492 1 0
2 180492 1 0
3 180492 1 0
1 180551 1 0
2 180611 1 0
3 180670 1 0
1 180730 1 0
1 180849 1 0
3 180968 1 0
0 180968 1 0
1 181206 1 0
2 181206 1 0
1 181325 1 0
2 181325 1 0
0 181444 1 0
3 181444 1 0
2 181444 1 0
1 181563 1 0
0 181682 1 0
3 181682 1 0
2 181801 1 0
0 181920 1 0
1 181920 1 0
0 182039 1 0
3 182158 1 0
3 182277 1 0
1 182396 1 0
0 182396 2 182635
3 182635 2 182873
2 182635 1 0
0 182873 28182932
1 182932 2 182992
2 182992 2 183111
3 183051 2 183111
0 183111 2 183349
2 183349 1 0
3 183349 1 0
1 183349 1 0
3 183885 1 0
3 184123 1 0
0 184420 2 184539
3 184539 1 0
3 184777 1 0
2 184777 1 0
0 185075 1 0
1 185075 1 0
2 185254 1 0
1 185373 1 0
2 185492 1 0
0 185730 28186206
1 185730 1 0
3 185968 1 0
3 186206 28186444
2 186206 1 0
0 186444 1 0
1 186444 1 0
0 186682 1 0
3 186682 1 0
1 186682 1 0
2 186801 2 186920
1 186980 2 187099
0 187158 1 0
2 187158 1 0
3 187158 1 0
2 187277 1 0
3 187396 1 0
0 187515 1 0
0 187635 1 0
1 187635 1 0
2 187754 1 0
3 187873 1 0
0 187992 1 0
0 188111 1 0
3 188111 1 0
1 188111 1 0
2 188170 1 0
1 188230 1 0
0 188289 1 0
3 188349 1 0
2 188468 1 0
0 188587 1 0
3 188587 1 0
1 188587 1 0
2 188825 1 0
3 188825 1 0
2 188944 1 0
3 188944 1 0
0 189063 2 189123
1 189182 2 189242
0 189301 2 189539:
2 189301 1 0
3 189301 1 0
1 189539 1 0
2 189539 1 0
3 189539 1 0
1 189658 1 0
3 189777 1 0
3 189896 1 0
0 190015 2 190254:
1 190015 1 0
2 190015 1 0
3 190254 2 190492
2 190254 1 0
0 190492 28190730
1 190492 2 190730
3 190730 2 190849
2 190849 2 190968
0 190968 1 0
1 190968 1 0
3 190968 1 0
1 191087 1 0
2 191206 1 0
3 191206 1 0
0 191325 1 0
1 191325 1 0
3 191325 1 0
2 191444 1 0
1 191563 1 0
0 191563 1 0
0 191682 1 0
2 191682 1 0
3 191682 1 0
2 191801 1 0
3 191920 1 0
0 191920 2 192039
1 191920 2 192039
1 192158 2 192277:
2 192158 2 192277
2 192396 28192515
3 192396 2 192635
2 192635 1 0
0 192754 1 0
1 192873 1 0
2 192873 1 0
3 192873 1 0
0 192992 1 0
1 192992 1 0
2 193111 2 193289
3 193111 2 193289
1 193349 1 0
0 193349 1 0
0 193468 1 0
2 193587 1 0
2 193706 1 0
3 193825 1 0
1 193825 1 0
0 193825 1 0
1 193944 2 194182
0 194182 1 0
3 194301 1 0
2 194301 1 0
3 194420 1 0
2 194420 1 0
1 194539 1 0
0 194539 1 0
1 194658 1 0
0 194658 1 0
3 194777 1 0
2 194777 1 0
0 194777 1 0
1 194896 1 0
1 195015 1 0
3 195254 1 0
0 195254 1 0
2 195373 1 0
2 195492 1 0
3 195730 1 0
1 195730 1 0
0 195730 1 0
2 195789 1 0
1 195849 1 0
0 195908 1 0
2 195968 1 0
2 196087 1 0
0 196206 1 0
3 196206 1 0
2 196444 1 0
1 196444 1 0
2 196563 1 0
1 196563 1 0
3 196682 1 0
0 196682 1 0
1 196682 1 0
2 196801 1 0
3 196920 1 0
0 196920 1 0
1 197039 1 0
3 197158 1 0
2 197158 1 0
3 197277 1 0
0 197396 1 0
0 197515 1 0
1 197635 1 0
2 197635 1 0
0 197873 1 0
3 197873 1 0
1 197992 1 0
2 197992 1 0
3 198111 28198230
0 198111 1 0
2 198230 1 0
3 198349 2 198468
2 198468 1 0
0 198587 2 198706
1 198587 2 198706
3 198825 1 0
0 198825 1 0
2 198825 1 0
1 198944 1 0
0 199063 1 0
2 199063 1 0
3 199063 1 0
1 199301 1 0
3 199301 1 0
1 199420 1 0
0 199539 1 0
2 199539 1 0
2 199658 1 0
0 199777 1 0
3 199777 1 0
1 199896 1 0
2 200015 1 0
3 200015 1 0
2 200135 1 0
3 200135 1 0
0 200254 1 0
1 200254 1 0
0 200373 1 0
1 200373 1 0
0 200492 1 0
3 200492 1 0
2 200611 1 0
0 200730 1 0
3 200730 1 0
1 200849 1 0
0 200968 1 0
2 200968 1 0
3 200968 1 0
3 201206 1 0
3 201325 1 0
0 201444 1 0
1 201444 1 0
2 201444 1 0
0 201563 1 0
3 201682 2 201861
1 201682 1 0
2 201920 1 0
3 201920 2 202158
1 202158 1 0
3 202277 1 0
2 202337 1 0
1 202396 1 0
3 202396 1 0
0 202396 1 0
1 202515 1 0
1 202635 1 0
2 202754 1 0
3 202754 1 0
3 202873 1 0
0 202873 2 203111
1 203111 1 0
3 203111 2 203349
0 203349 1 0
1 203349 1 0
2 203349 1 0
0 203468 1 0
1 203587 1 0
3 203587 1 0
2 203706 1 0
0 203825 1 0
1 203825 1 0
3 203825 1 0
2 203944 1 0
1 204063 1 0
0 204063 1 0
3 204063 1 0
0 204182 1 0
2 204182 1 0
3 204182 1 0
1 204301 1 0
2 204420 1 0
0 204539 1 0
1 204539 1 0
3 204539 1 0
2 204658 1 0
0 204777 2 205254:
1 204777 1 0
3 204777 1 0
2 205015 1 0
1 205015 2 205254
2 205254 1 0
3 205254 2 205492
0 205492 2 205730
1 205492 1 0
3 205730 2 205809
2 205809 2 205889
0 205889 2 205968
1 205968 2 206047
3 206047 2 206127
2 206127 2 206206
1 206206 1 0
3 206206 1 0
0 206206 1 0
1 206325 1 0
2 206444 1 0
0 206563 1 0
1 206563 1 0
2 206563 1 0
3 206563 1 0
1 206682 1 0
2 206801 1 0
1 206920 1 0
0 206920 1 0
2 206920 1 0
3 206920 1 0
3 207039 1 0
2 207158 1 0
0 207158 1 0
1 207158 1 0
0 207277 1 0
1 207396 1 0
2 207396 1 0
3 207396 1 0
3 207635 1 0
2 207694 1 0
0 207754 1 0
1 207813 1 0
2 207873 1 0
3 207873 1 0
3 207992 1 0
0 208111 1 0
1 208111 1 0
2 208111 1 0
1 208230 1 0
3 208349 1 0
2 208349 1 0
2 208468 1 0
0 208587 28208825
1 208587 2 208706
3 208587 1 0
1 208825 1 0
2 208944 1 0
0 209063 1 0
1 209063 1 0
3 209063 1 0
3 209182 1 0
0 209301 2 209480
2 209301 1 0
0 209539 28209658
1 209539 1 0
3 209777 1 0
3 209896 1 0
2 209956 1 0
0 210015 1 0
1 210015 1 0
3 210015 1 0
0 210135 1 0
0 210254 1 0
3 210373 1 0
2 210373 1 0
3 210492 28210730
1 210492 1 0
2 210730 1 0
0 210730 2 210968
3 210968 1 0
2 210968 1 0
1 210968 1 0
3 211087 1 0
2 211206 1 0
0 211206 1 0
1 211325 1 0
2 211444 1 0
3 211444 1 0
0 211563 1 0
2 211682 1 0
3 211682 1 0
0 211801 1 0
1 211801 1 0
0 211920 1 0
2 211920 1 0
3 211920 1 0
3 212039 1 0
0 212158 1 0
1 212158 1 0
2 212277 1 0
3 212277 1 0
0 212396 2 212873:
3 212396 1 0
1 212635 2 212873
2 212635 1 0
2 212873 1 0
3 212873 1 0
0 213111 1 0
1 213111 1 0
1 213230 1 0
0 213230 1 0
3 213349 28213408
2 213408 2 213468
1 213468 2 213587
0 213527 2 213587
3 213587 2 213885
0 213825 2 213885:
1 213825 2 213885
2 213825 2 213885
3 214063 2 214123
1 214063 2 214123
0 214301 28214361
2 214301 2 214361
3 214539 2 214599
1 214539 2 214599
3 214658 2 214718
1 214658 2 214718
0 214777 1 0
2 214777 1 0
3 214777 1 0
0 214896 1 0
1 215015 1 0
3 215015 1 0
2 215135 1 0
0 215254 1 0
1 215313 1 0
3 215373 1 0
2 215432 1 0
1 215492 1 0
0 215492 1 0
0 215611 1 0
3 215730 1 0
2 215730 1 0
1 215730 1 0
3 215849 1 0
0 215968 1 0
1 215968 1 0
2 216087 1 0
0 216206 28216444
3 216206 1 0
1 216444 1 0
2 216563 1 0
0 216682 1 0
1 216682 1 0
3 216682 1 0
3 216801 1 0
0 216920 1 0
2 216920 2 217099
1 217158 1 0
2 217158 2 217277
0 217396 1 0
3 217396 1 0
2 217515 1 0
1 217575 1 0
0 217635 1 0
2 217635 1 0
3 217635 1 0
1 217754 1 0
1 217873 1 0
2 217992 1 0
3 217992 1 0
0 218111 1 0
3 218111 2 218349
0 218349 2 218587
2 218349 1 0
1 218587 1 0
2 218587 1 0
3 218587 1 0
0 218706 1 0
1 218825 1 0
3 218825 1 0
2 218944 1 0
0 219063 1 0
1 219063 1 0
3 219063 1 0
2 219182 1 0
0 219301 1 0
1 219301 1 0
3 219301 1 0
0 219420 1 0
3 219420 1 0
2 219420 1 0
1 219539 1 0
3 219658 1 0
0 219777 1 0
1 219777 1 0
2 219777 1 0
3 219896 1 0
0 220015 2 220135:
1 220015 2 220135
1 220254 2 220373
2 220254 2 220373
0 220492 1 0
1 220492 1 0
3 220492 2 221385
0 220730 1 0
2 220730 1 0
0 221206 2 221385
0 221444 1 0
1 221444 1 0
2 221444 1 0
3 221444 1 0
2 221563 1 0
1 221682 1 0
0 221801 1 0
1 221801 1 0
2 221801 1 0
3 221801 1 0
2 221920 1 0
1 222039 1 0
0 222158 1 0
1 222158 1 0
2 222158 1 0
3 222158 1 0
3 222277 1 0
2 222396 1 0
0 222396 1 0
1 222396 1 0
0 222515 1 0
1 222635 1 0
2 222635 1 0
3 222635 1 0
3 222873 1 0
2 222932 1 0
0 222992 1 0
1 223051 1 0
3 223111 1 0
2 223111 1 0
3 223230 1 0
2 223349 1 0
1 223349 1 0
0 223349 1 0
0 223468 1 0
3 223587 1 0
1 223587 1 0
2 223706 1 0
0 223825 1 0
3 223825 2 224063
2 224063 1 0
3 224182 1 0
1 224301 1 0
0 224301 1 0
2 224301 1 0
0 224420 1 0
1 224539 1 0
3 224539 2 224718
3 224777 28224896
2 224777 1 0
0 225015 1 0
2 225135 1 0
1 225194 1 0
0 225254 1 0
2 225254 1 0
3 225254 1 0
1 225373 1 0
1 225492 1 0
0 225611 2 225670
2 225611 2 225670
1 225730 28225789
3 225730 2 225789
2 225968 2 226027
0 225968 2 226027
0 226206 1 0
1 226206 1 0
3 226206 1 0
2 226325 1 0
0 226444 1 0
1 226563 1 0
2 226682 1 0
3 226682 1 0
3 226801 1 0
1 226920 1 0
0 226920 1 0
2 227039 1 0
3 227039 1 0
3 227158 1 0
0 227158 1 0
1 227158 1 0
0 227277 1 0
2 227396 1 0
1 227396 1 0
0 227515 1 0
2 227515 1 0
3 227515 1 0
1 227635 1 0
3 227635 2 228111
2 227873 2 228111
0 227873 1 0
0 228111 1 0
1 228111 1 0
2 228230 1 0
0 228349 1 0
3 228349 1 0
1 228468 1 0
2 228468 1 0
0 228586 1 0
1 228586 1 0
3 228586 1 0
2 228824 1 0
3 228824 1 0
0 228943 1 0
1 228943 1 0
3 228943 1 0
2 229062 1 0
0 229300 1 0
1 229419 1 0
3 229419 1 0
2 229538 1 0
0 229657 1 0
1 229657 1 0
0 229776 1 0
3 229776 1 0
2 229895 1 0
0 230014 1 0
1 230014 1 0
3 230014 1 0
2 230133 1 0
0 230252 1 0
1 230371 1 0
2 230490 1 0
3 230490 1 0
0 230728 1 0
1 230728 1 0
0 230847 1 0
2 230847 1 0
3 230847 1 0
1 230966 1 0
3 231205 1 0
0 231324 1 0
2 231324 1 0
1 231443 1 0
2 231562 1 0
3 231562 1 0
0 231681 1 0
3 231681 1 0
1 231800 1 0
0 231919 1 0
2 231919 1 0
3 231919 1 0
1 232038 1 0
3 232157 1 0
2 232276 1 0
0 232395 1 0
1 232395 1 0
0 232633 1 0
3 232633 1 0
0 232752 1 0
1 232752 1 0
3 232752 1 0
2 232871 1 0
1 233109 1 0
3 233228 1 0
2 233228 1 0
0 233347 1 0
3 233466 1 0
1 233466 1 0
2 233586 1 0
0 233586 1 0
3 233705 1 0
0 233824 1 0
1 233824 1 0
2 233824 1 0
1 233943 1 0
3 234062 1 0
2 234181 1 0
1 234300 1 0
0 234300 1 0
1 234538 1 0
2 234538 1 0
0 234657 1 0
2 234657 1 0
3 234657 1 0
1 234776 1 0
3 235014 1 0
0 235133 1 0
2 235133 1 0
1 235252 1 0
2 235371 1 0
3 235371 1 0
3 235490 1 0
0 235490 1 0
1 235609 1 0
2 235728 1 0
3 235728 1 0
0 235788 1 0
1 235847 1 0
2 235907 1 0
0 235966 1 0
3 235966 1 0
1 236086 1 0
2 236086 1 0
1 236205 1 0
2 236205 1 0
0 236443 1 0
3 236443 1 0
0 236562 1 0
1 236562 1 0
2 236562 1 0
3 236681 1 0
2 236919 1 0
1 237038 1 0
0 237038 1 0
3 237157 1 0
1 237276 1 0
0 237276 1 0
2 237395 1 0
3 237395 1 0
3 237633 1 0
1 237633 1 0
0 237633 1 0
2 237752 1 0
1 237871 1 0
0 237990 1 0
3 238109 1 0
2 238109 1 0
3 238347 1 0
2 238347 1 0
3 238466 1 0
1 238466 1 0
0 238466 1 0
2 238586 1 0
0 238705 1 0
1 238824 1 0
2 238943 1 0
3 238943 1 0
0 239062 1 0
3 239181 1 0
2 239181 1 0
1 239300 1 0
0 239300 1 0
3 239538 1 0
2 239538 1 0
0 239538 1 0
1 239657 1 0
2 239776 1 0
3 239895 1 0
1 240014 1 0
0 240014 1 0
1 240252 1 0
0 240252 1 0
3 240371 1 0
2 240371 1 0
0 240371 1 0
1 240490 1 0
3 240609 1 0
2 240728 1 0
1 240847 1 0
0 240847 1 0
3 240966 1 0
0 241086 1 0
1 241086 1 0
3 241205 1 0
2 241205 1 0
3 241443 1 0
1 241443 1 0
0 241443 1 0
2 241562 1 0
0 241681 1 0
1 241800 1 0
3 241919 1 0
2 241919 1 0
1 241949 1 0
0 241978 1 0
3 242157 1 0
0 242395 1 0
1 242425 1 0
2 242455 1 0
0 242633 1 0
3 242871 1 0
2 242901 1 0
1 242931 1 0
3 243109 1 0
0 243228 1 0
3 243347 1 0
2 243347 1 0
1 243347 1 0
3 243586 1 0
2 243586 1 0
1 243705 1 0
0 243705 1 0
3 243824 1 0
0 243824 1 0