3 447 1 0
0 905 1 0
3 1363 1 0
0 1821 1 0
1 2050 1 0
2 2279 1 0
3 2279 1 0
1 2966 1 0
2 3195 1 0
1 3882 1 0
2 4111 1 0
0 4340 1 0
1 4569 1 0
3 4798 1 0
2 5027 1 0
3 5485 1 0
2 5714 1 0
1 5943 1 0
0 5943 1 0
2 6630 1 0
1 6859 1 0
2 7546 1 0
1 7775 1 0
3 8004 1 0
2 8233 1 0
0 8462 1 0
1 8691 1 0
0 9149 1 0
1 9378 1 0
2 9607 1 0
3 9607 1 0
0 9836 1 0
3 10065 1 0
0 10294 1 0
0 10752 1 0
3 10981 1 0
0 11210 1 0
1 11439 1 0
2 11668 1 0
3 11897 1 0
1 12126 1 0
2 12355 1 0
0 12584 1 0
1 12813 1 0
2 13042 1 0
3 13271 1 0
0 13729 1 0
2 14187 1 0
1 14645 1 0
3 15103 1 0
2 15332 1 0
0 15561 1 0
1 15790 1 0
2 16019 1 0
1 16477 1 0
0 16477 1 0
0 16935 1 0
3 16935 1 0
3 17393 1 0
3 17851 1 0
2 17851 1 0
1 18309 1 0
2 18538 1 0
0 18767 1 0
3 18767 1 0
0 19225 1 0
3 19683 1 0
1 19683 1 0
2 19912 1 0
0 20141 1 0
1 20370 1 0
2 20599 1 0
3 20599 1 0
3 21057 1 0
3 21515 1 0
0 21515 1 0
2 21973 1 0
1 22202 1 0
3 22431 1 0
0 22431 1 0
3 22889 1 0
0 23347 1 0
2 23576 1 0
2 23805 1 0
1 24034 1 0
0 24263 1 0
3 24263 1 0
2 24721 1 0
1 24721 1 0
0 25179 1 0
3 25179 1 0
2 25637 1 0
1 25637 1 0
0 26095 1 0
3 26095 1 0
2 26553 1 0
1 26553 1 0
0 27011 1 0
3 27011 1 0
2 27240 1 0
1 27469 1 0
0 27698 1 0
3 27927 1 0
2 27927 1 0
1 28385 1 0
0 28385 1 0
3 28843 1 0
2 28843 1 0
1 29301 1 0
0 29301 1 0
2 29759 1 0
3 29759 1 0
0 30217 1 0
3 30447 1 0
0 30676 1 0
1 30905 1 0
3 31134 1 0
2 31134 1 0
0 31592 1 0
3 31592 1 0
1 32050 1 0
3 32508 1 0
2 32966 1 0
0 33424 1 0
1 33882 1 0
3 34340 1 0
2 34798 1 0
1 35256 1 0
3 35714 1 0
2 36172 1 0
1 36630 1 0
0 37088 1 0
3 37546 1 0
0 38004 1 0
3 38462 1 0
1 38920 1 0
0 38920 1 0
3 39378 1 0
2 39836 1 0
1 40294 1 0
3 40752 1 0
2 41210 1 0
0 41668 1 0
1 42126 1 0
2 42584 1 0
1 43042 1 0
0 43042 1 0
3 43500 1 0
2 43958 1 0
1 43958 1 0
0 44416 1 0
3 44416 1 0
1 44874 1 0
2 44874 1 0
0 45332 1 0
3 45332 1 0
1 45561 1 0
2 45790 1 0
3 46019 1 0
1 46248 1 0
0 46248 1 0
2 46706 1 0
3 46706 1 0
0 47164 2 47622 
1 47622 1 0
3 47622 1 0
2 48080 1 0
1 48538 1 0
0 48538 1 0
3 48996 2 49454 
2 49454 1 0
0 49454 1 0
1 49912 1 0
2 50370 1 0
3 50370 1 0
0 50828 1 0
1 51286 1 0
2 51286 1 0
3 51744 1 0
0 52202 1 0
1 52202 1 0
3 52660 1 0
0 52889 1 0
1 53118 1 0
2 53347 1 0
3 53576 1 0
0 53576 1 0
1 54034 1 0
2 54034 1 0
0 54492 2 54950 
2 54950 1 0
3 54950 1 0
1 55408 1 0
0 55866 1 0
2 55866 1 0
3 56324 2 56782 
0 56782 1 0
1 56782 1 0
2 57240 1 0
1 57698 1 0
0 57698 1 0
3 58156 1 0
0 58614 1 0
2 58614 1 0
1 58843 1 0
0 59072 2 60447 
1 60447 1 0
2 60447 1 0
0 60905 1 0
3 60905 1 0
2 61363 1 0
1 61363 1 0
1 61821 1 0
0 61821 2 62279 
3 62279 1 0
2 62279 1 0
1 62508 1 0
0 62737 1 0
3 62737 1 0
2 63195 1 0
1 63195 1 0
0 63653 1 0
1 63653 1 0
3 63882 1 0
0 64111 1 0
3 64111 1 0
0 64569 1 0
1 64569 1 0
2 65027 1 0
3 65027 1 0
0 65485 1 0
3 65485 1 0
2 65943 1 0
0 65943 1 0
1 66172 1 0
0 66401 1 0
3 66401 1 0
1 66859 1 0
2 66859 1 0
3 67317 2 67775 
2 67317 1 0
0 67775 2 68233 
1 67775 1 0
2 68233 1 0
3 68233 1 0
0 68691 1 0
3 68691 1 0
2 69149 1 0
1 69149 1 0
3 69607 1 0
0 69607 1 0
2 69836 1 0
3 70065 1 0
1 70065 1 0
1 70523 1 0
0 70523 1 0
2 70981 1 0
3 70981 1 0
0 71210 1 0
0 71439 1 0
3 71439 1 0
0 71897 2 72813 
1 71897 1 0
3 72355 1 0
3 72813 2 73729 
2 72813 1 0
0 73271 1 0
0 73729 1 0
1 73958 1 0
2 74187 1 0
3 74416 1 0
1 74645 1 0
0 74645 2 75103 
2 75103 1 0
3 75103 1 0
0 75561 1 0
3 75561 1 0
0 76019 1 0
0 76477 1 0
1 76477 1 0
2 76935 1 0
1 77164 1 0
0 77393 1 0
3 77393 1 0
3 77851 1 0
2 78309 1 0
0 78309 1 0
1 78538 1 0
3 78767 1 0
2 78996 1 0
0 79225 1 0
1 79225 1 0
1 79683 1 0
1 80141 1 0
3 80141 1 0
0 80599 1 0
1 80828 1 0
2 81057 1 0
3 81057 1 0
3 81515 1 0
0 81973 1 0
2 82202 1 0
2 82431 1 0
1 82660 1 0
0 82889 1 0
3 82889 1 0
2 83347 1 0
1 83347 1 0
0 83805 1 0
3 83805 1 0
2 84263 1 0
1 84263 1 0
0 84721 1 0
3 84721 1 0
2 85179 1 0
1 85179 1 0
0 85637 1 0
3 85637 1 0
1 85866 1 0
2 86095 1 0
3 86324 1 0
1 86553 1 0
0 86553 1 0
2 87011 1 0
3 87011 1 0
1 87469 1 0
0 87469 1 0
2 87927 1 0
3 87927 1 0
0 88385 1 0
3 88385 1 0
1 89072 1 0
1 89301 1 0
2 89530 1 0
2 89759 1 0
0 90217 2 92050 
2 92050 2 93882 
1 93882 2 95714 
3 95714 2 97546 
0 96630 2 97546 
1 97546 1 0
2 97546 1 0
3 98004 1 0
2 98462 1 0
0 98462 1 0
1 98920 1 0
2 99378 1 0
3 99378 1 0
0 99836 1 0
1 100294 1 0
2 100294 1 0
3 100752 1 0
0 101210 1 0
1 101210 1 0
2 101439 1 0
3 101439 1 0
0 102126 1 0
1 102126 1 0
3 102355 1 0
2 102355 1 0
0 103042 1 0
1 103042 1 0
3 103271 1 0
2 103271 1 0
0 103500 1 0
1 103500 1 0
2 103729 1 0
3 103729 1 0
1 103958 1 0
0 103958 1 0
0 104874 1 0
3 104874 1 0
2 105332 1 0
1 105332 1 0
0 105790 2 106248 
2 106248 1 0
3 106248 1 0
1 106706 1 0
0 107164 1 0
3 107164 1 0
2 107622 2 108080 
3 108080 1 0
1 108080 1 0
0 108538 1 0
2 108996 1 0
3 108996 1 0
0 109454 1 0
1 109912 1 0
3 109912 1 0
2 110370 1 0
1 110828 1 0
0 110828 1 0
3 111286 1 0
0 111515 1 0
1 111744 1 0
2 111973 1 0
3 112202 1 0
0 112202 1 0
1 112660 1 0
2 112660 1 0
3 113118 2 113576 
1 113576 1 0
0 113576 1 0
2 114034 1 0
3 114492 1 0
1 114492 1 0
0 114950 2 115408 
2 115408 1 0
3 115408 1 0
1 115866 1 0
3 116324 1 0
2 116324 1 0
0 116782 1 0
1 117240 1 0
3 117240 1 0
2 117469 1 0
3 117698 2 119072 
1 119072 1 0
0 119072 1 0
0 119530 1 0
3 119530 1 0
1 119988 1 0
2 119988 1 0
3 120447 2 120905 
0 120447 1 0
0 120905 1 0
2 120905 1 0
1 121134 1 0
3 121363 1 0
2 121363 1 0
0 121821 1 0
1 121821 1 0
3 122279 1 0
2 122279 1 0
0 122508 1 0
0 122737 1 0
3 122737 1 0
0 123195 1 0
1 123195 1 0
2 123653 1 0
3 123653 1 0
0 124111 1 0
3 124111 1 0
0 124569 1 0
2 124569 1 0
1 124798 1 0
3 125027 1 0
2 125027 1 0
2 125485 1 0
1 125485 1 0
0 125943 2 126401 
1 125943 1 0
3 126401 2 126859 
2 126401 1 0
1 126859 1 0
0 126859 1 0
2 127317 1 0
3 127317 1 0
3 127775 1 0
0 127775 1 0
1 128233 1 0
0 128233 1 0
2 128462 1 0
3 128691 1 0
0 128691 1 0
2 129149 1 0
1 129149 1 0
1 129607 1 0
0 129607 1 0
3 129836 1 0
0 130065 1 0
3 130065 1 0
3 130523 2 131439 
2 130523 1 0
0 130981 1 0
0 131439 2 132355 
1 131439 1 0
3 131897 1 0
3 132355 1 0
1 132813 1 0
2 133271 1 0
0 133729 1 0
1 133729 1 0
3 134416 1 0
2 134645 1 0
1 134874 1 0
3 135103 1 0
0 135332 1 0
1 135561 1 0
2 135790 1 0
0 136019 1 0
3 136019 1 0
1 136935 1 0
2 137393 1 0
3 137851 1 0
0 138767 1 0
3 139683 1 0
2 139683 1 0
0 140599 1 0
1 141515 1 0
3 142431 2 143347 
2 142889 2 143347 
1 143347 1 0
0 143347 1 0
2 144263 1 0
1 144721 1 0
0 145179 1 0
3 146095 1 0
0 147011 1 0
1 147011 1 0
3 147927 1 0
2 148385 1 0
1 148843 1 0
3 149301 1 0
0 149759 2 150676 
1 150217 2 150676 
2 150676 1 0
3 150676 1 0
0 151134 1 0
3 151592 1 0
0 152050 1 0
2 152508 1 0
1 152966 1 0
0 153424 1 0
3 153882 2 154340 
2 154340 1 0
0 154340 1 0
1 155027 1 0
2 155256 1 0
0 155714 2 156172 
1 156172 1 0
2 156172 1 0
3 156630 2 157088 
2 157088 1 0
1 157088 1 0
0 157546 2 158004 
1 158004 1 0
3 158004 1 0
2 158691 1 0
1 158920 1 0
3 159378 2 159836 
0 159836 1 0
1 160065 1 0
2 160294 1 0
3 160523 1 0
0 160752 1 0
3 160981 1 0
0 161210 1 0
1 161439 1 0
2 161668 1 0
3 161668 2 162584 
0 162584 2 163500 
1 162584 1 0
3 163500 1 0
2 163500 1 0
0 163958 1 0
1 164187 1 0
2 164416 1 0
3 164416 1 0
0 164874 2 165332 
1 165332 1 0
3 165332 1 0
2 165790 1 0
3 165790 1 0
0 166248 1 0
1 166248 1 0
3 166706 1 0
0 166706 1 0
2 166935 1 0
1 167164 1 0
2 167622 1 0
3 167622 1 0
0 168080 1 0
1 168080 1 0
3 168538 1 0
0 168538 1 0
2 168996 1 0
3 168996 1 0
1 169454 1 0
0 169454 1 0
2 169912 1 0
1 169912 1 0
0 170370 1 0
3 170370 1 0
1 170599 1 0
2 170828 1 0
1 171286 1 0
0 171286 1 0
3 171744 1 0
2 171744 1 0
1 172202 1 0
2 172202 1 0
0 172660 1 0
1 172660 1 0
3 172889 1 0
0 173118 1 0
3 173347 1 0
0 173576 1 0
1 173805 1 0
2 174034 1 0
3 174263 1 0
0 174492 2 174950 
1 174492 1 0
3 174950 2 175408 
2 174950 1 0
0 175408 2 175866 
1 175408 1 0
2 175866 1 0
1 176095 1 0
0 176324 1 0
3 176324 1 0
2 176553 1 0
0 176782 1 0
1 177011 1 0
3 177240 1 0
2 177469 1 0
1 177698 1 0
0 177927 1 0
3 178156 2 179072 
2 178156 1 0
0 178385 1 0
1 178614 1 0
2 178843 1 0
0 179072 2 179530 
1 179072 1 0
3 179530 1 0
2 179530 1 0
0 179988 1 0
3 179988 1 0
1 180447 1 0
2 180447 1 0
3 180905 1 0
0 180905 2 181363 
1 181363 1 0
3 181363 1 0
2 181592 1 0
3 181821 1 0
0 181821 1 0
1 182279 1 0
0 182279 1 0
2 182737 1 0
3 182737 1 0
0 182966 1 0
0 183195 1 0
3 183195 1 0
2 183653 1 0
1 183653 1 0
2 184111 1 0
3 184111 1 0
0 184569 1 0
1 184569 1 0
0 185027 1 0
3 185027 1 0
2 185256 1 0
1 185485 1 0
3 185485 1 0
1 185943 1 0
0 185943 1 0
2 186401 1 0
3 186401 2 186859 
0 186859 2 187317 
1 186859 1 0
3 187317 1 0
2 187317 1 0
0 187775 1 0
3 187775 1 0
2 188233 1 0
1 188233 1 0
0 188691 1 0
1 188691 1 0
2 188920 1 0
0 189149 1 0
3 189149 1 0
1 189607 1 0
2 189607 1 0
0 190065 1 0
1 190065 1 0
3 190294 1 0
3 190523 1 0
0 190523 1 0
1 190981 1 0
0 190981 1 0
2 191439 1 0
3 191439 1 0
0 191897 1 0
3 191897 1 0
2 192355 1 0
0 192355 1 0
2 192813 1 0
3 192813 1 0
0 193042 1 0
1 193271 1 0
2 193500 1 0
3 193729 2 194187 
0 194187 1 0
0 194645 2 195561 
1 194645 1 0
2 195561 2 196477 
3 195561 1 0
0 196477 1 0
1 196477 1 0
2 196935 1 0
3 196935 1 0
1 197393 1 0
0 197393 1 0
0 197851 1 0
3 197851 1 0
1 198309 1 0
2 198309 1 0
1 198767 1 0
1 199225 1 0
3 199225 1 0
2 199683 1 0
1 199912 1 0
3 200141 1 0
0 200141 1 0
3 200599 1 0
0 201057 1 0
2 201057 1 0
1 201286 1 0
3 201515 1 0
2 201744 1 0
1 201973 1 0
0 201973 1 0
0 202431 1 0
0 202889 1 0
2 202889 1 0
3 203347 1 0
2 203576 1 0
1 203805 1 0
0 203805 1 0
0 204263 1 0
3 204721 1 0
1 204950 1 0
1 205179 1 0
2 205408 1 0
3 205637 1 0
0 205637 1 0
0 206095 1 0
1 206095 1 0
3 206553 1 0
2 206553 1 0
0 207011 1 0
3 207011 1 0
1 207240 1 0
0 207469 1 0
3 207469 1 0
2 207927 1 0
1 207927 1 0
0 208385 1 0
3 208385 1 0
2 208614 1 0
1 208843 1 0
0 209072 1 0
3 209301 1 0
2 209301 1 0
1 209759 1 0
0 209759 1 0
3 210217 1 0
2 210217 1 0
1 210676 1 0
0 210676 1 0
0 211134 1 0
3 211134 1 0
3 211592 1 0
2 211821 1 0
0 212050 1 0
1 212279 1 0
3 212508 2 213882 
2 212508 2 213424 
