3 447 2 905 
0 905 2 1363 
3 1363 2 1821 
0 1821 1 0  
2 2050 1 0  
3 2279 1 0  
3 2279 1 0  
2 2966 1 0  
3 3195 1 0  
0 3195 1 0  
3 3882 1 0  
3 4111 1 0  
0 4111 1 0  
2 4340 1 0  
3 4569 1 0  
3 4798 1 0  
0 5027 1 0  
2 5027 1 0  
3 5485 1 0  
3 5714 1 0  
2 5943 1 0  
0 5943 1 0  
3 6630 1 0  
3 6859 1 0  
0 6859 1 0  
2 7546 1 0  
0 7775 1 0  
3 7775 1 0  
3 8004 1 0  
2 8233 1 0  
0 8462 1 0  
3 8691 1 0  
3 8691 1 0  
2 9149 1 0  
3 9378 1 0  
0 9607 1 0  
3 9607 1 0  
2 9836 1 0  
3 10065 1 0  
3 10065 1 0  
0 10294 1 0  
2 10523 1 0  
3 10752 1 0  
0 10981 1 0  
3 10981 1 0  
2 11210 1 0  
3 11439 1 0  
2 11668 1 0  
3 11897 1 0  
0 11897 1 0  
3 12126 1 0  
2 12355 1 0  
0 12584 1 0  
3 12813 1 0  
3 12813 1 0  
2 13042 1 0  
3 13271 1 0  
0 13271 1 0  
3 13500 1 0  
3 13729 1 0  
0 13729 1 0  
2 13958 1 0  
3 14187 1 0  
3 14187 1 0  
2 14416 1 0  
3 14645 1 0  
0 14645 1 0  
3 14874 1 0  
3 15103 1 0  
0 15103 1 0  
2 15332 1 0  
3 15447 1 0  
0 15561 1 0  
3 15561 1 0  
3 15790 1 0  
2 15790 1 0  
3 16019 1 0  
0 16019 1 0  
3 16477 1 0  
0 16477 1 0  
3 16477 1 0  
0 16935 1 0  
2 16935 1 0  
3 17164 1 0  
2 17393 1 0  
0 17393 1 0  
3 17622 1 0  
0 17851 1 0  
3 17851 1 0  
2 18080 1 0  
3 18309 1 0  
0 18309 1 0  
3 18424 1 0  
2 18538 1 0  
0 18653 1 0  
3 18767 1 0  
3 18767 1 0  
2 18996 1 0  
3 19225 1 0  
3 19225 1 0  
2 19454 1 0  
0 19683 1 0  
3 19683 1 0  
3 19912 1 0  
2 20141 1 0  
3 20141 1 0  
0 20370 1 0  
3 20599 1 0  
3 20599 1 0  
0 20828 1 0  
3 21057 1 0  
3 21057 1 0  
2 21286 1 0  
0 21515 1 0  
3 21515 1 0  
3 21744 1 0  
0 21973 1 0  
3 21973 1 0  
2 22088 1 0  
3 22202 1 0  
3 22317 1 0  
0 22431 1 0  
2 22431 1 0  
3 22660 1 0  
2 22889 1 0  
0 22889 1 0  
3 23118 1 0  
3 23347 1 0  
0 23347 2 24149 
2 23576 1 0  
3 23805 1 0  
3 23805 1 0  
3 24034 1 0  
0 24263 1 0  
3 24263 1 0  
2 24263 1 0  
3 24492 1 0  
2 24721 1 0  
0 24721 1 0  
3 24950 1 0  
3 25179 1 0  
0 25179 1 0  
2 25408 1 0  
0 25637 1 0  
3 25637 1 0  
3 25752 1 0  
2 25866 1 0  
0 25981 1 0  
3 26095 1 0  
3 26095 1 0  
0 26324 1 0  
3 26553 1 0  
3 26553 1 0  
2 26782 1 0  
0 27011 1 0  
3 27011 1 0  
3 27240 1 0  
3 27469 1 0  
0 27469 1 0  
0 27698 1 0  
3 27927 1 0  
3 27927 1 0  
2 28156 1 0  
3 28385 1 0  
3 28385 1 0  
2 28614 1 0  
0 28843 1 0  
3 28843 1 0  
3 29072 1 0  
3 29301 1 0  
0 29301 1 0  
2 29416 1 0  
3 29530 1 0  
3 29645 1 0  
2 29759 1 0  
0 29759 2 30217 
3 30217 1 0  
3 30217 1 0  
0 30447 1 0  
2 30676 1 0  
3 30905 1 0  
3 31134 1 0  
0 31592 1 0  
3 31592 1 0  
2 31821 1 0  
3 32050 1 0  
3 32050 1 0  
2 32279 1 0  
0 32508 1 0  
3 32508 1 0  
3 32737 1 0  
2 32966 1 0  
3 32966 1 0  
0 33195 1 0  
3 33424 1 0  
3 33424 1 0  
0 33653 1 0  
2 33882 1 0  
3 33882 1 0  
3 34111 1 0  
2 34340 1 0  
0 34340 1 0  
3 34569 1 0  
2 34798 1 0  
0 34798 1 0  
3 35027 1 0  
3 35256 1 0  
0 35256 1 0  
2 35485 1 0  
3 35714 1 0  
3 35714 1 0  
0 35943 1 0  
2 36172 1 0  
3 36172 1 0  
3 36401 1 0  
2 36630 1 0  
0 36630 1 0  
3 36859 1 0  
3 37088 1 0  
0 37088 2 37317 
2 37546 1 0  
3 37546 2 37775 
0 38004 2 38462 
2 38004 1 0  
3 38462 2 38920 
3 38462 1 0  
2 38920 1 0  
0 38920 1 0  
3 39149 1 0  
0 39378 1 0  
3 39378 1 0  
2 39607 1 0  
0 39836 1 0  
3 39836 1 0  
3 40065 1 0  
2 40294 1 0  
0 40294 1 0  
3 40523 1 0  
3 40752 1 0  
2 40752 1 0  
0 40981 1 0  
3 41210 1 0  
3 41210 1 0  
0 41439 1 0  
2 41668 1 0  
3 41668 1 0  
3 41897 1 0  
0 42126 1 0  
2 42126 1 0  
3 42355 1 0  
3 42584 1 0  
2 42584 1 0  
0 42813 1 0  
3 43042 1 0  
3 43042 1 0  
0 43042 1 0  
2 43271 1 0  
0 43500 1 0  
3 43500 1 0  
3 43729 1 0  
2 43958 1 0  
0 43958 1 0  
3 43958 1 0  
0 44416 1 0  
3 44416 1 0  
3 44416 1 0  
2 44874 1 0  
0 44874 1 0  
3 44874 1 0  
0 45332 1 0  
3 45332 1 0  
3 45332 1 0  
0 45561 1 0  
2 45790 1 0  
3 46019 1 0  
3 46248 1 0  
2 46248 1 0  
0 46248 1 0  
3 46477 1 0  
2 46706 1 0  
0 46706 1 0  
3 46935 2 47164 
0 47164 2 47622 
2 47164 1 0  
3 47622 1 0  
3 47622 1 0  
2 47851 1 0  
3 48080 1 0  
3 48080 1 0  
0 48309 1 0  
2 48538 1 0  
3 48538 1 0  
0 48767 2 48996 
3 48996 1 0  
3 48996 2 49454 
2 49454 1 0  
0 49454 1 0  
3 49683 1 0  
0 49912 1 0  
3 49912 1 0  
2 50141 1 0  
0 50370 1 0  
3 50370 1 0  
3 50599 1 0  
3 50828 1 0  
2 50828 1 0  
0 51057 1 0  
3 51286 1 0  
3 51286 1 0  
2 51515 1 0  
0 51744 1 0  
3 51744 1 0  
3 51973 1 0  
3 52202 1 0  
0 52202 1 0  
2 52431 1 0  
0 52660 1 0  
3 52660 1 0  
3 52889 1 0  
3 53118 1 0  
2 53347 1 0  
3 53576 1 0  
3 53576 1 0  
0 53576 1 0  
2 53805 1 0  
3 54034 1 0  
3 54034 1 0  
0 54263 2 54492 
3 54492 2 54950 
3 54492 1 0  
2 54950 1 0  
0 54950 1 0  
3 55179 1 0  
3 55408 1 0  
0 55408 1 0  
2 55637 1 0  
0 55866 1 0  
3 55866 1 0  
3 56095 2 56324 
0 56324 2 56782 
2 56324 1 0  
3 56782 1 0  
3 56782 1 0  
2 57011 1 0  
3 57240 1 0  
3 57240 1 0  
0 57469 1 0  
2 57698 1 0  
3 57698 1 0  
3 57927 1 0  
0 58156 1 0  
3 58156 1 0  
2 58385 1 0  
3 58614 1 0  
3 58614 1 0  
2 58843 1 0  
0 58843 1 0  
3 59072 2 60447 
0 60447 1 0  
3 60447 1 0  
2 60447 1 0  
2 60905 1 0  
3 60905 1 0  
0 60905 1 0  
3 61134 1 0  
2 61363 1 0  
0 61363 1 0  
0 61592 1 0  
3 61821 2 62279 
3 61821 1 0  
0 62050 1 0  
2 62164 1 0  
3 62279 1 0  
0 62279 1 0  
3 62508 1 0  
2 62737 1 0  
0 62737 1 0  
3 62966 1 0  
2 63195 1 0  
0 63195 1 0  
3 63424 1 0  
3 63653 1 0  
0 63653 1 0  
2 63882 1 0  
0 63882 1 0  
3 64111 1 0  
3 64111 1 0  
2 64340 1 0  
3 64454 1 0  
0 64569 1 0  
3 64569 1 0  
2 64798 1 0  
0 65027 1 0  
3 65027 1 0  
3 65256 1 0  
2 65485 1 0  
0 65485 1 0  
3 65714 1 0  
3 65943 1 0  
0 65943 1 0  
2 66172 1 0  
3 66401 1 0  
3 66401 1 0  
2 66630 2 66859 
3 66859 1 0  
0 66859 1 0  
3 67088 2 67317 
0 67317 1 0  
3 67317 1 0  
3 67546 1 0  
3 67660 1 0  
2 67775 1 0  
0 67775 1 0  
3 68004 1 0  
2 68233 1 0  
0 68233 1 0  
3 68233 1 0  
3 68462 1 0  
2 68576 1 0  
0 68691 1 0  
3 68691 1 0  
3 68920 1 0  
0 69149 1 0  
3 69149 1 0  
2 69378 1 0  
3 69492 1 0  
3 69607 1 0  
0 69607 1 0  
2 69836 1 0  
0 70065 1 0  
3 70065 1 0  
3 70294 1 0  
0 70523 1 0  
2 70523 1 0  
3 70752 1 0  
0 70981 1 0  
3 70981 1 0  
2 71210 1 0  
0 71210 1 0  
3 71439 1 0  
3 71439 1 0  
2 71668 1 0  
3 71897 1 0  
3 71897 2 72355 
0 72126 1 0  
2 72355 1 0  
0 72355 1 0  
3 72584 1 0  
0 72813 2 73271 
2 72813 1 0  
3 73042 1 0  
3 73271 1 0  
3 73271 1 0  
2 73500 1 0  
3 73729 1 0  
3 73729 1 0  
2 73958 1 0  
0 73958 1 0  
3 74187 1 0  
2 74187 1 0  
3 74416 1 0  
3 74416 1 0  
0 74645 1 0  
2 74645 1 0  
3 75103 1 0  
0 75103 1 0  
3 75561 1 0  
3 75561 1 0  
0 75790 1 0  
3 76019 1 0  
3 76019 1 0  
2 76248 1 0  
3 76477 1 0  
0 76477 1 0  
3 76706 1 0  
3 76935 1 0  
0 76935 1 0  
2 77050 1 0  
3 77164 1 0  
3 77279 1 0  
2 77393 1 0  
0 77393 1 0  
3 77622 1 0  
0 77851 1 0  
2 77851 1 0  
3 78080 1 0  
0 78309 1 0  
3 78309 1 0  
2 78538 1 0  
2 78767 1 0  
3 78767 1 0  
3 78996 1 0  
2 79225 1 0  
0 79225 1 0  
3 79454 1 0  
2 79683 1 0  
0 79683 1 0  
3 79912 1 0  
3 80141 1 0  
0 80141 1 0  
2 80370 1 0  
0 80599 1 0  
3 80599 1 0  
3 80714 1 0  
2 80828 1 0  
0 80943 1 0  
3 81057 1 0  
3 81057 1 0  
2 81286 1 0  
3 81515 1 0  
3 81515 1 0  
2 81744 1 0  
0 81973 1 0  
3 81973 2 82775 
3 82202 1 0  
2 82431 1 0  
0 82431 1 0  
2 82660 1 0  
3 82889 1 0  
3 82889 1 0  
0 82889 1 0  
2 83118 1 0  
3 83347 1 0  
3 83347 1 0  
2 83576 1 0  
0 83805 1 0  
3 83805 1 0  
3 84034 1 0  
0 84263 1 0  
3 84263 1 0  
2 84378 1 0  
3 84492 1 0  
3 84607 1 0  
2 84721 1 0  
0 84721 1 0  
3 84950 1 0  
0 85179 1 0  
2 85179 1 0  
3 85408 1 0  
0 85637 1 0  
3 85637 1 0  
2 85866 1 0  
0 86095 1 0  
3 86095 1 0  
3 86324 1 0  
0 86553 1 0  
2 86553 1 0  
3 86782 1 0  
2 87011 1 0  
0 87011 1 0  
3 87240 1 0  
3 87469 1 0  
0 87469 1 0  
2 87698 1 0  
0 87927 1 0  
3 87927 1 0  
3 88042 1 0  
2 88156 1 0  
0 88271 1 0  
3 88385 2 89072 
3 88385 1 0  
0 88614 2 89072 
2 89072 1 0  
2 89301 1 0  
3 89530 1 0  
3 89759 1 0  
0 90217 2 92050 
3 90217 1 0  
3 90447 1 0  
2 90676 1 0  
3 91134 1 0  
2 91592 1 0  
3 91821 1 0  
3 92050 2 93882 
3 92050 1 0  
2 92279 1 0  
0 92508 1 0  
3 92966 1 0  
0 93424 1 0  
3 93653 1 0  
2 93882 2 95714 
0 93882 1 0  
3 94111 1 0  
0 94340 1 0  
3 94798 1 0  
3 95256 1 0  
0 95485 1 0  
3 95714 2 97546 
3 95714 1 0  
2 95943 1 0  
0 96172 1 0  
0 96630 2 97546 
2 96630 1 0  
3 97088 1 0  
2 97546 1 0  
3 97546 1 0  
2 97775 1 0  
3 98004 2 98233 
3 98004 1 0  
0 98233 1 0  
2 98462 1 0  
3 98462 1 0  
3 98691 1 0  
2 98920 1 0  
0 98920 2 99149 
3 99149 1 0  
0 99378 1 0  
3 99378 2 99607 
2 99607 1 0  
3 99836 1 0  
0 99836 2 100065 
3 100065 1 0  
2 100294 1 0  
3 100294 2 100523 
3 100523 1 0  
0 100752 2 100981 
2 100752 1 0  
3 100981 1 0  
2 101210 1 0  
0 101210 1 0  
3 101439 1 0  
3 101439 1 0  
3 102126 1 0  
3 102126 1 0  
0 102355 1 0  
2 102355 1 0  
2 103042 1 0  
0 103042 1 0  
3 103271 1 0  
3 103271 1 0  
2 103500 1 0  
0 103500 1 0  
3 103729 1 0  
3 103729 1 0  
3 103958 1 0  
0 103958 1 0  
0 104187 1 0  
2 104416 1 0  
3 104645 1 0  
2 104874 1 0  
3 104874 1 0  
0 104874 1 0  
3 105103 1 0  
3 105332 1 0  
0 105332 1 0  
2 105561 2 105790 
3 105790 2 106248 
3 105790 1 0  
2 106248 1 0  
0 106248 1 0  
3 106477 1 0  
0 106706 1 0  
3 106706 1 0  
2 106935 1 0  
0 107164 1 0  
3 107164 1 0  
3 107393 2 107622 
0 107622 2 108080 
2 107622 1 0  
3 108080 1 0  
3 108080 1 0  
2 108309 1 0  
3 108538 1 0  
3 108538 1 0  
0 108767 1 0  
2 108996 1 0  
3 108996 1 0  
3 109225 1 0  
2 109454 1 0  
0 109454 1 0  
3 109683 1 0  
3 109912 1 0  
0 109912 1 0  
2 110141 1 0  
3 110370 1 0  
0 110370 1 0  
3 110599 1 0  
0 110828 1 0  
3 110828 1 0  
2 111057 1 0  
0 111286 1 0  
3 111286 1 0  
3 111515 1 0  
3 111744 1 0  
2 111973 1 0  
3 112202 1 0  
0 112202 1 0  
3 112202 1 0  
2 112431 1 0  
0 112660 1 0  
3 112660 1 0  
3 112889 2 113118 
0 113118 2 113576 
2 113118 1 0  
3 113576 1 0  
3 113576 1 0  
2 113805 1 0  
3 114034 1 0  
3 114034 1 0  
0 114263 1 0  
3 114492 1 0  
3 114492 1 0  
2 114721 2 114950 
3 114950 2 115408 
3 114950 1 0  
0 115408 1 0  
2 115408 1 0  
3 115637 1 0  
3 115866 1 0  
0 115866 1 0  
2 116095 1 0  
3 116324 1 0  
3 116324 1 0  
0 116553 1 0  
2 116782 1 0  
3 116782 1 0  
3 117011 1 0  
2 117240 1 0  
0 117240 1 0  
3 117469 1 0  
3 117469 1 0  
0 117698 2 119072 
2 119072 1 0  
3 119072 1 0  
3 119072 1 0  
3 119530 1 0  
3 119530 1 0  
0 119530 1 0  
2 119759 1 0  
3 119988 1 0  
3 119988 1 0  
3 120217 1 0  
0 120447 2 120905 
2 120447 1 0  
3 120676 1 0  
3 120790 1 0  
2 120905 1 0  
3 120905 1 0  
2 121134 1 0  
3 121363 1 0  
0 121363 1 0  
3 121592 1 0  
0 121821 1 0  
3 121821 1 0  
2 122050 1 0  
3 122279 1 0  
0 122279 1 0  
3 122508 1 0  
3 122508 1 0  
0 122737 1 0  
2 122737 1 0  
3 122966 1 0  
2 123080 1 0  
0 123195 1 0  
3 123195 1 0  
3 123424 1 0  
0 123653 1 0  
3 123653 1 0  
2 123882 1 0  
3 124111 1 0  
3 124111 1 0  
0 124340 1 0  
2 124569 1 0  
3 124569 1 0  
3 124798 1 0  
0 125027 1 0  
2 125027 1 0  
3 125256 2 125485 
3 125485 1 0  
2 125485 1 0  
0 125714 2 125943 
3 125943 1 0  
3 125943 1 0  
2 126172 1 0  
3 126286 1 0  
3 126401 1 0  
0 126401 1 0  
2 126630 1 0  
3 126859 1 0  
3 126859 1 0  
0 126859 1 0  
2 127088 1 0  
3 127202 1 0  
3 127317 1 0  
0 127317 1 0  
2 127546 1 0  
3 127775 1 0  
0 127775 1 0  
3 128004 1 0  
2 128118 1 0  
3 128233 1 0  
0 128233 1 0  
3 128462 1 0  
0 128691 1 0  
3 128691 1 0  
2 128920 1 0  
3 129149 1 0  
3 129149 1 0  
2 129378 1 0  
0 129607 1 0  
3 129607 1 0  
3 129836 1 0  
3 129836 1 0  
2 130065 1 0  
0 130065 1 0  
3 130294 1 0  
3 130523 2 131439 
0 130523 1 0  
3 130752 1 0  
2 130981 1 0  
0 130981 1 0  
3 131210 1 0  
2 131439 1 0  
0 131439 2 132355 
3 131668 1 0  
3 131897 1 0  
3 131897 1 0  
2 132126 1 0  
3 132355 1 0  
3 132355 1 0  
2 132584 1 0  
3 132813 1 0  
0 132813 1 0  
3 133042 1 0  
3 133271 1 0  
0 133271 1 0  
2 133729 1 0  
3 133729 1 0  
0 134416 1 0  
2 134645 1 0  
3 134874 1 0  
0 135103 1 0  
2 135332 1 0  
3 135561 1 0  
3 135790 1 0  
2 136019 1 0  
0 136019 1 0  
3 136935 1 0  
3 137393 1 0  
2 137851 1 0  
2 138309 1 0 
3 138767 1 0  
3 138767 1 0  
0 138996 1 0  
2 139111 1 0  
3 139225 1 0  
2 139454 1 0  
3 139569 1 0  
0 139683 1 0  
3 139683 1 0  
3 140370 1 0  
0 140599 1 0  
2 140828 1 0  
3 141057 1 0  
2 141515 1 0  
0 141515 1 0  
3 141744 1 0  
0 141973 1 0  
3 142202 1 0  
0 142431 1 0  
2 142660 1 0  
3 142889 1 0  
3 143118 1 0  
2 143347 1 0  
0 143347 1 0  
2 144263 1 0  
2 144721 1 0  
3 145179 1 0  
3 145637 1 0  
0 146095 1 0  
2 146095 1 0  
3 146324 1 0  
3 146439 1 0  
2 146553 1 0  
3 146782 1 0  
2 146897 1 0  
3 147011 1 0  
0 147011 1 0  
3 147927 1 0  
3 148385 1 0  
0 148843 1 0  
3 149301 1 0  
0 149759 1 0  
2 149836 1 0  
3 149912 1 0  
3 149988 1 0  
0 150065 1 0  
2 150141 1 0  
3 150217 1 0  
3 150294 1 0  
2 150370 1 0  
3 150447 1 0  
0 150447 1 0  
3 150676 1 0  
3 150676 1 0  
2 151134 1 0  
3 151363 1 0  
0 151363 1 0  
2 151592 1 0  
3 151592 1 0  
0 152050 1 0  
2 152279 1 0  
3 152508 1 0  
3 152966 1 0  
3 153195 1 0  
0 153195 1 0  
2 153424 1 0  
3 153653 1 0  
3 153653 1 0  
2 153996 1 0  
0 153996 1 0  
0 154340 1 0  
3 154340 1 0  
0 155027 1 0  
2 155027 1 0  
3 155256 1 0  
3 155256 1 0  
0 155714 1 0  
3 155714 1 0  
2 155828 1 0  
3 155943 1 0  
3 156057 1 0  
2 156172 1 0  
0 156172 1 0  
3 156401 1 0  
3 156401 1 0  
3 156630 1 0  
2 156630 1 0  
2 156859 1 0  
0 156859 1 0  
3 157088 1 0  
3 157088 1 0  
0 157546 1 0  
3 157546 1 0  
3 157660 1 0  
2 157775 1 0  
3 157889 1 0  
2 158004 1 0  
0 158004 1 0  
3 158004 2 158347 
0 158347 2 158691 
3 158691 1 0  
3 158691 1 0  
2 158920 1 0  
0 158920 1 0  
3 159149 1 0  
0 159378 1 0  
3 159607 1 0  
3 159721 1 0  
2 159836 1 0  
0 159836 1 0  
3 160065 1 0  
0 160294 1 0  
3 160523 1 0  
2 160637 1 0  
0 160752 1 0  
3 160752 1 0  
3 160981 1 0  
3 160981 1 0  
0 161324 1 0  
2 161324 1 0  
3 161668 1 0  
0 161668 1 0  
2 161897 1 0  
3 162126 1 0  
2 162355 1 0  
0 162355 1 0  
3 162584 1 0  
3 162584 1 0  
2 162813 1 0  
3 163042 1 0  
2 163271 1 0  
0 163271 1 0  
3 163500 2 164416 
0 163500 1 0  
3 163729 1 0  
2 163843 1 0  
0 163958 1 0  
3 164187 1 0  
0 164416 1 0  
2 164416 1 0  
3 164988 1 0  
3 165103 1 0  
2 165217 1 0  
3 165332 1 0  
0 165332 1 0  
3 165332 1 0  
0 165790 1 0  
3 166248 1 0  
2 166706 1 0  
3 166935 1 0  
3 166935 1 0  
2 167164 1 0  
0 167164 1 0  
3 167622 1 0  
0 168080 1 0  
3 168538 1 0  
2 168767 1 0  
3 168882 1 0  
3 168996 1 0  
0 168996 1 0  
0 169454 1 0  
3 169912 1 0  
2 170370 1 0  
3 170599 1 0  
3 170599 1 0  
2 170828 1 0  
0 170828 1 0  
3 171286 1 0  
0 171286 1 0  
3 171515 1 0  
2 171515 1 0  
0 171744 1 0  
3 171744 1 0  
2 171973 1 0  
0 171973 1 0  
3 172317 1 0  
3 172317 1 0  
2 172660 1 0  
0 172660 1 0  
3 172660 1 0  
3 172889 1 0  
2 173118 1 0  
0 173118 1 0  
3 173347 1 0  
3 173576 1 0  
0 173576 1 0  
2 173805 1 0  
3 174034 1 0  
3 174034 1 0  
0 174263 1 0  
3 174492 1 0  
0 174492 1 0  
3 174607 1 0  
2 174721 1 0  
3 174950 1 0  
0 174950 1 0  
3 175065 1 0  
2 175179 1 0  
3 175408 1 0  
0 175408 1 0  
3 175523 1 0  
2 175637 1 0  
3 175866 1 0  
3 175866 1 0  
2 176095 1 0  
0 176095 1 0  
0 176324 1 0  
3 176324 1 0  
3 176439 1 0  
2 176553 1 0  
3 176668 1 0  
3 176782 1 0  
0 176782 1 0  
2 176897 1 0  
3 177011 1 0  
2 177126 1 0  
0 177240 1 0  
3 177240 1 0  
3 177355 1 0  
2 177469 1 0  
0 177584 1 0  
3 177698 1 0  
3 177698 1 0  
0 177813 1 0  
3 177927 1 0  
0 178042 1 0  
3 178156 1 0  
3 178214 1 0  
0 178271 1 0  
2 178328 1 0  
3 178385 1 0  
3 178443 1 0  
0 178500 1 0  
2 178557 1 0  
3 178614 1 0  
3 178672 1 0  
2 178729 1 0  
0 178786 1 0  
3 178843 1 0  
3 178901 1 0  
2 178958 1 0  
0 179015 1 0  
3 179072 2 179530 
3 179530 1 0  
2 179530 1 0  
0 179530 1 0  
3 179988 1 0  
2 179988 1 0  
0 179988 1 0  
3 180217 1 0  
3 180447 1 0  
0 180447 1 0  
2 180676 1 0  
3 180905 2 181363 
3 180905 1 0  
0 181134 1 0  
2 181248 1 0  
3 181363 1 0  
0 181363 1 0  
3 181592 1 0  
2 181821 1 0  
0 181821 1 0  
3 182050 1 0  
0 182279 1 0  
3 182279 1 0  
2 182508 1 0  
0 182737 1 0  
3 182737 1 0  
3 182966 1 0  
3 182966 1 0  
0 183195 1 0  
2 183195 1 0  
3 183424 1 0  
2 183538 1 0  
3 183653 1 0  
0 183653 1 0  
2 183882 1 0  
3 184111 1 0  
0 184111 1 0  
3 184340 1 0  
2 184569 1 0  
0 184569 1 0  
3 184798 1 0  
3 185027 1 0  
0 185027 1 0  
2 185256 1 0  
3 185485 1 0  
3 185485 1 0  
2 185714 2 185943 
0 185943 1 0  
3 185943 1 0  
3 186172 2 186401 
3 186401 1 0  
0 186401 1 0  
0 186630 1 0  
2 186744 1 0  
3 186859 1 0  
3 186859 1 0  
2 187088 1 0  
3 187317 1 0  
3 187317 1 0  
0 187317 1 0  
3 187546 1 0  
3 187660 1 0  
2 187775 1 0  
0 187775 1 0  
3 188004 1 0  
0 188233 1 0  
2 188233 1 0  
3 188462 1 0  
2 188576 1 0  
3 188691 1 0  
0 188691 1 0  
3 188920 1 0  
0 189149 1 0  
3 189149 1 0  
2 189378 1 0  
3 189607 1 0  
0 189607 1 0  
3 189836 1 0  
3 190065 1 0  
0 190065 1 0  
0 190294 1 0  
2 190294 1 0  
3 190523 1 0  
3 190523 1 0  
2 190752 1 0  
3 190981 1 0  
3 190981 2 191439 
0 191210 1 0  
0 191439 1 0  
2 191439 1 0  
3 191668 1 0  
2 191897 1 0  
0 191897 2 192355 
3 192126 1 0  
3 192355 1 0  
3 192355 1 0  
2 192584 1 0  
3 192813 1 0  
3 192813 1 0  
2 193042 1 0  
0 193042 1 0  
3 193271 1 0  
2 193271 1 0  
3 193500 1 0  
3 193500 1 0  
0 193729 1 0  
2 193729 1 0  
3 193958 1 0  
3 194187 1 0  
0 194187 1 0  
2 194416 1 0  
0 194645 1 0  
3 194645 2 195561 
2 195103 1 0  
0 195561 2 196477 
3 195561 1 0  
2 196019 1 0  
3 196248 2 196477 
2 196477 1 0  
3 196477 1 0  
3 196706 1 0  
2 196935 1 0  
0 196935 1 0  
0 197164 1 0  
3 197393 1 0  
3 197393 2 197851 
2 197851 1 0  
0 197851 1 0  
3 197851 1 0  
0 198309 1 0  
2 198309 1 0  
3 198309 1 0  
3 198538 1 0  
0 198767 1 0  
2 198767 1 0  
3 198996 1 0  
3 199225 1 0  
0 199225 1 0  
2 199454 1 0  
3 199683 1 0  
0 199683 1 0  
3 199798 1 0  
2 199912 1 0  
0 200027 1 0  
3 200141 1 0  
3 200141 1 0  
2 200370 1 0  
3 200599 1 0  
3 200599 1 0  
2 200828 1 0  
0 201057 1 0  
3 201057 1 0  
3 201286 1 0  
3 201515 1 0  
2 201515 1 0  
0 201744 1 0  
3 201973 1 0  
3 201973 1 0  
0 202202 1 0  
3 202431 1 0  
3 202431 1 0  
2 202660 1 0  
0 202889 1 0  
3 202889 1 0  
3 203118 1 0  
0 203347 1 0  
3 203347 1 0  
2 203462 1 0  
3 203576 1 0  
3 203691 1 0  
0 203805 1 0  
2 203805 1 0  
3 204034 1 0  
0 204263 1 0  
2 204263 1 0  
3 204492 1 0  
3 204721 1 0  
0 204721 2 205523 
2 204950 1 0  
3 205179 1 0  
3 205179 1 0  
3 205408 1 0  
2 205637 1 0  
0 205637 1 0  
3 205637 1 0  
3 205866 1 0  
0 206095 1 0  
2 206095 1 0  
3 206324 1 0  
3 206553 1 0  
0 206553 1 0  
2 206782 1 0  
0 207011 1 0  
3 207011 1 0  
3 207126 1 0  
2 207240 1 0  
0 207355 1 0  
3 207469 1 0  
3 207469 1 0  
0 207698 1 0  
3 207927 1 0  
3 207927 1 0  
2 208156 1 0  
3 208385 1 0  
0 208385 1 0  
3 208614 1 0  
3 208843 1 0  
0 208843 1 0  
0 209072 1 0  
3 209301 1 0  
3 209301 1 0  
2 209530 1 0  
3 209759 1 0  
3 209759 1 0  
2 209988 1 0  
0 210217 1 0  
3 210217 1 0  
3 210447 1 0  
3 210676 1 0  
0 210676 1 0  
2 210790 1 0  
3 210905 1 0  
3 211019 1 0  
0 211134 2 211592 
2 211134 1 0  
3 211592 1 0  
3 211592 1 0  
2 211821 1 0  
3 212050 1 0  
3 212050 1 0  
0 212279 1 0  
2 212279 1 0  
3 212508 2 213424 
0 212508 2 0213882 
