3 447 2 905 
1 905 2 1363 
2 1363 2 1821 
3 1821 1 0
0 1821 2 2279 
2 2050 1 0
1 2279 1 0  
3 2279 1 0
1 2508 1 0
2 2622 1 0
0 2737 1 0
1 2851 1 0
2 2966 1 0
3 2966 1 0
1 3195 1 0
0 3195 1 0
2 3424 1 0
1 3538 1 0
3 3653 1 0
2 3767 1 0
1 3882 1 0
0 3882 1 0
2 4111 1 0
3 4111 1 0
0 4340 1 0
3 4340 1 0
1 4569 1 0
0 4569 1 0
2 4798 1 0
3 4798 1 0
0 5027 1 0
1 5027 1 0
2 5256 1 0
1 5370 1 0
0 5485 1 0
3 5485 1 0
2 5599 1 0
1 5714 1 0
0 5714 1 0
2 5828 1 0
0 5943 1 0
3 5943 1 0
2 6172 1 0
1 6286 1 0
3 6401 1 0
2 6515 1 0
1 6630 1 0
0 6630 1 0
2 6859 1 0
3 6859 1 0
1 7088 1 0
2 7202 1 0
0 7317 1 0
1 7431 1 0
2 7546 1 0
3 7546 1 0
1 7775 1 0
0 7775 1 0
0 8004 1 0
3 8004 1 0
3 8233 1 0
2 8233 1 0
1 8462 1 0
0 8462 1 0
2 8691 1 0
3 8691 1 0
1 8920 1 0
2 9034 1 0
3 9149 1 0
0 9149 1 0
1 9263 1 0
2 9378 1 0
3 9378 1 0
1 9492 1 0
0 9607 1 0
3 9607 1 0
0 9836 2 10065 
1 9836 1 0
1 10065 1 0 
3 10065 1 0
0 10294 2 10523 
2 10294 1 0
1 10523 1 0
0 10752 2 10981 
3 10752 1 0
2 10981 1 0
1 10981 1 0
0 11210 2 11439 
3 11210 1 0
1 11439 1 0
2 11668 1 0
3 11668 2 11897 
2 11897 1 0
0 11897 1 0
3 12126 2 12355 
1 12126 1 0
2 12355 1 0
3 12584 2 12813 
0 12584 1 0
1 12813 1 0
2 12813 1 0
3 13042 2 13271 
0 13042 1 0
1 13271 1 0
0 13271 1 0
2 13500 1 0
0 13729 1 0
1 13729 1 0
3 13958 1 0
0 14187 1 0 
2 14187 1 0
1 14416 1 0
3 14645 1 0 
2 14645 1 0
0 14874 1 0
3 15103 1 0 
2 15103 1 0
0 15332 1 0
3 15447 1 0
2 15504 1 0
1 15561 1 0
0 15561 1 0
2 15790 1 0
3 15790 1 0
1 16019 1 0
0 16019 1 0
3 16248 1 0
3 16477 1 0
2 16477 1 0 
1 16477 1 0
0 16477 1 0
1 16935 1 0
3 16935 1 0
0 16935 2 17279 
3 17164 1 0
0 17393 2 17737 
1 17393 1 0
2 17622 1 0
0 17851 2 18195 
1 17851 1 0
3 18080 1 0
3 18309 1 0
0 18309 1 0
2 18424 1 0
1 18538 1 0
0 18538 1 0
2 18653 1 0
3 18653 1 0
1 18767 1 0
0 18767 2 19111 
3 18996 1 0
1 19225 1 0
0 19225 2 19569 
3 19454 1 0
0 19683 1 0
1 19683 1 0
3 19912 1 0
0 20141 1 0
3 20141 1 0
1 20370 1 0
3 20599 2 20943 
2 20599 1 0
0 20828 1 0
3 21057 2 21401 
2 21057 1 0
1 21286 1 0
3 21515 2 21859 
2 21515 1 0
0 21744 1 0
3 21973 1 0
0 21973 1 0
1 22088 1 0
2 22202 1 0
3 22202 1 0
1 22317 1 0
0 22317 1 0
2 22431 1 0
3 22431 2 22775 
0 22660 1 0
2 22889 1 0
3 22889 2 23233 
0 23118 1 0
0 23347 1 0
1 23405 1 0
3 23462 1 0
2 23519 1 0
0 23576 1 0
1 23634 1 0
3 23691 1 0
2 23748 1 0
0 23805 1 0
1 23863 1 0
3 23920 1 0
2 23977 1 0
0 24034 1 0
1 24092 1 0
2 24149 1 0
0 24263 1 0
3 24263 1 0 
1 24263 1 0
2 24492 1 0
3 24721 1 0
0 24721 1 0
1 24721 1 0
1 24950 1 0
2 25179 1 0
3 25179 1 0
0 25179 1 0
2 25408 1 0
1 25637 1 0
0 25637 1 0
3 25637 1 0
2 25752 1 0
1 25866 1 0
2 25981 1 0
1 26095 1 0
3 26095 1 0
0 26095 1 0
2 26324 1 0
3 26553 1 0
0 26553 1 0
1 26553 1 0
2 26782 1 0
1 26897 1 0
0 27011 1 0
3 27011 1 0
2 27011 1 0
1 27240 1 0
3 27469 1 0
0 27469 1 0
2 27469 1 0
2 27698 1 0
0 27927 1 0
3 27927 1 0
1 27927 1 0
2 28156 1 0
3 28156 1 0
2 28385 1 0
1 28385 1 0
0 28385 1 0
0 28614 1 0
3 28614 1 0
1 28729 1 0
2 28843 1 0
3 28843 1 0
0 28843 1 0
1 28958 1 0
2 29072 1 0
3 29072 1 0
0 29301 1 0
1 29301 1 0
3 29301 1 0
2 29416 1 0
3 29530 1 0
0 29530 1 0
1 29645 1 0
0 29759 1 0
3 29759 1 0 
2 29759 1 0
0 29988 1 0
2 30103 1 0
1 30160 1 0
3 30217 1 0
0 30217 1 0
2 30447 1 0
1 30447 1 0
1 30676 1 0
0 30676 1 0
3 30676 1 0
2 30905 1 0
1 31134 1 0
0 31134 2 31592 
3 31592 1 0
1 31592 1 0
2 31821 1 0
0 32050 1 0
3 32050 1 0
2 32164 1 0
1 32279 1 0
0 32508 1 0
3 32508 1 0
1 32622 1 0
2 32737 1 0
3 32966 1 0
0 32966 1 0
2 33080 1 0
1 33195 1 0
0 33424 1 0
2 33424 1 0
1 33538 1 0
2 33653 1 0
3 33882 1 0
1 33882 1 0
2 33996 1 0
1 34111 1 0
0 34340 1 0
2 34340 1 0
1 34454 1 0
2 34569 1 0
3 34798 1 0
1 34798 1 0
2 34912 1 0
1 35027 1 0
3 35256 1 0
0 35256 1 0
2 35370 1 0
1 35485 1 0
3 35714 1 0
0 35714 1 0
1 35828 1 0
2 35943 1 0
3 36172 1 0
0 36172 1 0
2 36286 1 0
1 36401 1 0
0 36630 1 0
3 36630 1 0
1 36744 1 0
2 36859 1 0
1 37088 1 0
0 37088 2 37317 
3 37317 1 0
3 37546 2 37775 
2 37546 1 0
0 37775 1 0
0 38004 2 38462 
1 38004 1 0
3 38233 1 0
3 38462 2 38920 
2 38462 1 0
0 38691 1 0
2 38920 1 0
0 38920 1 0 
1 38920 1 0
2 39149 1 0
3 39378 1 0
1 39378 1 0
2 39492 1 0
1 39607 1 0
0 39836 1 0
2 39836 1 0
1 39950 1 0
2 40065 1 0
1 40294 1 0
3 40294 1 0
2 40408 1 0
1 40523 1 0
0 40752 1 0
3 40752 1 0
1 40866 1 0
2 40981 1 0
0 41210 1 0
3 41210 1 0
2 41324 1 0
1 41439 1 0
0 41668 1 0
3 41668 1 0
1 41782 1 0
2 41897 1 0
3 42126 1 0
0 42126 1 0
2 42240 1 0
1 42355 1 0
0 42584 1 0
3 42584 1 0
2 42813 1 0
1 43042 1 0
3 43042 1 0 
0 43042 1 0
2 43271 1 0
3 43500 1 0
0 43500 1 0
1 43729 1 0
3 43958 1 0 
0 43958 1 0
2 43958 1 0
1 44187 1 0
0 44416 1 0
3 44416 1 0 
2 44416 1 0
1 44645 1 0
2 44759 1 0
3 44874 1 0
1 44874 1 0 
0 44874 1 0
2 45103 1 0
1 45217 1 0
2 45332 1 0
0 45332 1 0 
3 45332 1 0
3 45561 2 45790 
2 45561 1 0
1 45790 2 46019 
0 45790 1 0
2 46019 2 46248 
3 46019 1 0
1 46248 1 0
0 46248 1 0 
3 46248 1 0
0 46477 1 0
1 46592 1 0
0 46706 1 0
3 46706 1 0
2 46706 1 0
3 46935 2 47164 
2 46935 1 0
0 47164 2 47622 
1 47164 1 0
2 47279 1 0
3 47393 1 0
2 47622 1 0
3 47622 1 0
1 47622 1 0
1 47851 1 0
3 48080 1 0
0 48080 1 0
2 48309 1 0
1 48538 1 0
3 48538 1 0
0 48538 1 0
1 48767 1 0
0 48767 2 48996 
3 48996 2 49454 
2 48996 1 0
1 49111 1 0
0 49225 1 0
0 49454 1 0
2 49454 1 0
1 49454 1 0
2 49683 1 0
1 49798 1 0
0 49912 1 0
3 49912 1 0
1 50141 1 0
2 50256 1 0
0 50370 1 0
3 50370 1 0
1 50370 1 0
3 50599 2 50828 
0 50599 1 0
0 50828 1 0
2 50828 1 0
1 50943 1 0
2 51057 1 0
0 51286 1 0
3 51286 1 0
1 51286 1 0
1 51515 1 0
0 51744 1 0
3 51744 1 0
2 51859 1 0
1 51973 1 0
3 52202 1 0
0 52202 1 0
1 52202 1 0
2 52431 1 0
3 52660 1 0
0 52660 1 0
1 52889 1 0
0 52889 2 53118 
3 53118 1 0
2 53118 2 53347 
0 53347 1 0
1 53347 2 53576 
0 53576 1 0
2 53576 1 0 
3 53576 1 0
3 53805 1 0
2 53920 1 0
3 54034 1 0
0 54034 1 0
1 54034 1 0
0 54263 2 54492 
1 54263 1 0
2 54492 1 0
3 54492 2 54950 
1 54607 1 0
0 54721 1 0
0 54950 1 0
2 54950 1 0
1 54950 1 0
2 55179 1 0
1 55408 1 0
0 55408 1 0
1 55637 1 0
0 55866 1 0
2 55866 1 0
3 55866 1 0
3 56095 2 56324 
2 56095 1 0
1 56324 1 0
0 56324 2 56782 
2 56439 1 0
3 56553 1 0
3 56782 1 0
1 56782 1 0
2 56782 1 0
2 57011 1 0
1 57126 1 0
3 57240 1 0
0 57240 1 0
1 57469 1 0
2 57584 1 0
3 57698 1 0
0 57698 1 0
1 57698 1 0
1 57927 1 0
2 58042 1 0
0 58156 1 0
3 58156 1 0
1 58271 1 0
2 58385 1 0
0 58614 1 0
3 58614 1 0
2 58614 1 0
1 58843 1 0
0 58843 1 0
3 59072 2 60447 
0 59301 1 0
1 59530 1 0
2 59759 1 0
0 59988 1 0
0 60447 1 0
1 60447 1 0 
2 60447 1 0
0 60905 1 0
3 60905 1 0
1 60905 1 0
0 61134 1 0
2 61134 1 0
1 61248 1 0
3 61363 1 0
0 61363 1 0
2 61477 1 0
1 61592 1 0
0 61592 1 0
3 61821 1 0
2 61821 1 0
3 62050 1 0
0 62050 1 0
1 62164 1 0
2 62279 1 0
3 62279 1 0
1 62393 1 0
3 62508 1 0
0 62508 1 0
2 62622 1 0
1 62737 1 0
0 62737 1 0
3 62966 1 0
1 62966 1 0
2 63080 1 0
0 63195 1 0
3 63195 1 0
1 63309 1 0
2 63424 1 0
3 63424 1 0
1 63653 1 0
0 63653 1 0
3 63882 1 0 
0 63882 1 0
2 63882 1 0
3 64111 1 0
0 64111 1 0 
1 64111 1 0
3 64340 1 0
0 64340 1 0
1 64454 1 0
3 64569 1 0
2 64569 1 0
0 64798 1 0
1 64798 1 0
0 65027 1 0
3 65027 1 0
2 65141 1 0
1 65256 1 0
3 65256 1 0
1 65485 1 0
0 65485 1 0
3 65714 1 0
0 65714 1 0
2 65828 1 0
1 65943 1 0
0 65943 1 0
3 66057 1 0
0 66172 1 0
2 66172 1 0
1 66286 1 0
2 66401 1 0
3 66401 1 0
1 66515 1 0
0 66630 1 0
3 66630 1 0
1 66859 1 0
3 66859 1 0
2 66973 1 0
1 67088 1 0
2 67202 1 0
3 67317 1 0
0 67317 1 0
1 67431 1 0
2 67546 1 0
1 67660 1 0
3 67775 2 68233 
0 67775 1 0
2 67775 1 0
1 68004 1 0
2 68233 1 0
1 68233 1 0 
0 68233 1 0
0 68462 1 0
3 68462 1 0
2 68576 1 0
1 68691 1 0
0 68691 1 0
3 68805 1 0
0 68920 1 0
2 68920 1 0
2 69149 1 0
1 69149 1 0
0 69378 1 0
3 69378 1 0
1 69492 1 0
3 69607 1 0
2 69607 1 0
0 69721 1 0
1 69836 1 0
3 69836 1 0
3 70065 1 0
0 70065 1 0
2 70179 1 0
0 70294 1 0
1 70294 1 0
2 70408 1 0
3 70523 1 0
0 70523 1 0
1 70637 1 0
2 70752 1 0
3 70752 1 0
2 70981 1 0
1 70981 1 0
0 71210 1 0 
3 71210 1 0
1 71210 1 0
3 71439 1 0 
0 71439 1 0
2 71439 1 0
1 71668 1 0
3 71668 1 0
2 71782 1 0
0 71897 1 0
3 71897 1 0
2 72126 1 0
1 72126 1 0
3 72355 1 0
0 72355 1 0
2 72469 1 0
1 72584 1 0
0 72584 1 0
2 72813 1 0
1 72813 1 0
0 73042 1 0
3 73042 1 0
1 73156 1 0
2 73271 1 0
3 73271 1 0
0 73385 1 0
3 73500 1 0
1 73500 1 0
2 73614 1 0
1 73729 1 0 
0 73729 1 0
3 73958 1 0
0 73958 1 0
1 74072 1 0
3 74187 1 0
2 74187 1 0
1 74416 1 0
0 74416 1 0
3 74645 1 0
0 74645 1 0
2 74759 1 0
1 74874 1 0
2 74988 1 0
1 75103 1 0 
3 75103 1 0
0 75103 2 75561 
2 75561 1 0
1 75561 1 0
3 75561 2 75905 
0 75790 1 0
3 76019 2 76363 
2 76019 1 0
1 76248 1 0
3 76477 2 76821 
2 76477 1 0
0 76706 1 0
0 76935 1 0
3 76935 1 0
1 77050 1 0
3 77164 1 0
2 77164 1 0
1 77279 1 0
0 77279 1 0
2 77393 1 0
3 77393 2 77737 
0 77622 1 0
2 77851 1 0
3 77851 2 78195 
0 78080 1 0
2 78309 1 0
3 78309 1 0
0 78538 1 0
3 78767 1 0
1 78767 1 0
2 78996 1 0
1 79225 1 0
0 79225 2 79569 
3 79454 1 0
1 79683 1 0
0 79683 2 80027 
2 79912 1 0
1 80141 1 0
0 80141 2 80485 
3 80370 1 0
3 80599 1 0
0 80599 1 0
2 80714 1 0
0 80828 1 0
1 80828 1 0
3 80943 1 0
2 80943 1 0
1 81057 1 0
0 81057 2 81401 
3 81286 1 0
1 81515 1 0
0 81515 2 81859 
3 81744 1 0
3 81973 1 0
2 82030 1 0
0 82088 1 0
1 82145 1 0
3 82202 1 0
2 82259 1 0
0 82317 1 0
1 82374 1 0
3 82431 1 0
2 82488 1 0
0 82546 1 0
1 82603 1 0
3 82660 1 0
2 82717 1 0
1 82775 1 0
2 82889 1 0
3 82889 1 0 
0 82889 1 0
1 83118 1 0
2 83347 1 0
0 83347 1 0
3 83347 1 0
2 83576 1 0
1 83805 1 0
0 83805 1 0
3 83805 1 0
1 84034 1 0
2 84263 1 0
3 84263 1 0
0 84263 1 0
1 84378 1 0
2 84492 1 0
1 84607 1 0
3 84721 1 0
0 84721 1 0
2 84721 1 0
1 84950 1 0
2 85179 1 0
0 85179 1 0
3 85179 1 0
1 85408 1 0
2 85523 1 0
3 85637 1 0
0 85637 1 0
1 85637 1 0
2 85866 1 0
0 86095 1 0
3 86095 1 0
1 86095 1 0
1 86324 1 0
0 86553 1 0
3 86553 1 0
2 86553 1 0
1 86782 1 0
0 86782 1 0
2 87011 1 0
1 87011 1 0
3 87011 1 0
0 87240 1 0
3 87240 1 0
2 87355 1 0
1 87469 1 0
0 87469 1 0
3 87469 1 0
2 87584 1 0
0 87698 1 0
1 87698 1 0
3 87927 1 0
2 87927 1 0
0 87927 1 0
1 88042 1 0
0 88156 1 0
3 88156 1 0
2 88271 1 0
1 88385 1 0
0 88385 1 0
3 88385 2 89072 
2 88614 2 89072 
0 89072 1 0
0 89301 1 0
3 89530 1 0
3 89759 1 0
3 90217 1 0
1 90447 1 0
2 90676 1 0
0 90790 1 0
2 91019 1 0
0 91134 1 0
3 91363 1 0
2 91477 1 0
0 91592 1 0
1 91706 1 0
2 91821 1 0
0 92050 1 0
2 92279 1 0
1 92508 1 0
3 92622 1 0
1 92851 1 0
3 92966 1 0
0 93195 1 0
1 93309 1 0
3 93424 1 0
2 93538 1 0
1 93653 1 0
3 93882 1 0
1 94111 1 0
2 94340 1 0
0 94454 1 0
2 94683 1 0
0 94798 1 0
3 95027 1 0
2 95141 1 0
0 95256 1 0
1 95370 1 0
2 95485 1 0
0 95714 1 0
2 95943 1 0
1 96172 1 0
3 96286 1 0
1 96515 1 0
3 96630 2 97317 
0 97317 1 0
1 97374 1 0
2 97431 1 0
3 97488 1 0
1 97546 1 0
0 97546 1 0 
3 97775 1 0
0 98004 1 0
3 98004 1 0
1 98118 1 0
2 98233 1 0
3 98462 1 0
0 98462 1 0
1 98691 1 0
0 98920 1 0
3 98920 1 0
2 99034 1 0
1 99149 1 0
2 99378 1 0
3 99378 1 0
0 99607 1 0
1 99836 1 0
3 99836 1 0
2 99950 1 0
1 100065 1 0
3 100294 1 0
0 100294 1 0
1 100408 1 0
2 100523 1 0
3 100752 1 0
0 100752 1 0
2 100866 1 0
1 100981 1 0
0 101210 1 0 
2 101210 1 0 
3 101210 1 0
3 101439 1 0 
2 101439 1 0
0 101439 1 0
2 102011 1 0
3 102011 1 0
1 102126 1 0
0 102126 1 0 
3 102126 1 0
1 102355 1 0
3 102355 1 0 
0 102355 1 0
0 102927 1 0
1 102927 1 0
2 103042 1 0
3 103042 1 0 
0 103042 1 0
2 103271 1 0
3 103271 1 0 
0 103271 1 0
0 103500 1 0
3 103500 1 0 
1 103500 1 0
1 103729 1 0
0 103729 1 0 
3 103729 1 0
2 103958 1 0
3 103958 1 0 
0 103958 1 0
1 104187 1 0
0 104187 2 104416 
2 104416 2 104645 
3 104416 1 0
0 104645 1 0
1 104645 2 104874 
0 104874 1 0
3 104874 1 0 
2 104874 1 0
2 105103 1 0
0 105332 1 0
3 105332 1 0
1 105332 1 0
0 105561 2 105790 
1 105561 1 0
2 105790 1 0
3 105790 2 106248 
1 105905 1 0
0 106019 1 0
2 106248 1 0
0 106248 1 0
1 106248 1 0
2 106477 1 0
0 106706 1 0
1 106706 1 0
1 106935 1 0
2 107164 1 0
3 107164 1 0
0 107164 1 0
3 107393 2 107622 
2 107393 1 0
1 107622 1 0
0 107622 2 108080 
2 107737 1 0
3 107851 1 0
3 108080 1 0
1 108080 1 0
2 108080 1 0
2 108309 1 0
1 108424 1 0
0 108538 1 0
3 108538 1 0
1 108767 1 0
2 108882 1 0
3 108996 1 0
1 108996 1 0
0 108996 1 0
0 109225 2 109454 
3 109225 1 0
1 109454 1 0
3 109454 1 0
2 109569 1 0
1 109683 1 0
0 109912 1 0
2 109912 1 0
3 109912 1 0
2 110141 1 0
3 110370 1 0
0 110370 1 0
1 110485 1 0
2 110599 1 0
0 110828 1 0
1 110828 1 0
3 110828 1 0
1 111057 1 0
2 111286 1 0
0 111286 1 0
2 111515 1 0
3 111515 2 111744 
0 111744 1 0
1 111744 2 111973 
2 111973 2 112202 
3 111973 1 0
3 112202 1 0
0 112202 1 0 
1 112202 1 0
1 112431 1 0
2 112660 1 0
3 112660 1 0
0 112660 1 0
2 112889 1 0
3 112889 2 113118 
1 113118 1 0
0 113118 2 113576 
2 113233 1 0
3 113347 1 0
1 113576 1 0
2 113576 1 0
3 113576 1 0
1 113805 1 0
2 114034 1 0
3 114034 1 0
2 114263 1 0
0 114492 1 0
3 114492 1 0
1 114492 1 0
1 114721 1 0
0 114721 2 114950 
2 114950 1 0
3 114950 2 115408 
1 115065 1 0
0 115179 1 0
2 115408 1 0
1 115408 1 0
0 115408 1 0
2 115637 1 0
1 115752 1 0
3 115866 1 0
0 115866 1 0
1 116095 1 0
2 116210 1 0
0 116324 1 0
3 116324 1 0
1 116324 1 0
2 116553 1 0
1 116668 1 0
3 116782 1 0
0 116782 1 0
2 116897 1 0
1 117011 1 0
1 117240 1 0
0 117240 1 0
3 117240 1 0
3 117469 1 0
2 117469 1 0
0 117698 2 119072 
3 117927 1 0 
2 118156 1 0
1 118385 1 0
3 118614 1 0
3 119072 1 0
2 119072 1 0 
1 119072 1 0
1 119530 1 0
0 119530 1 0
3 119530 1 0
0 119759 1 0
2 119759 1 0
1 119874 1 0
2 119988 1 0
3 119988 1 0
1 120103 1 0
0 120217 1 0
3 120217 1 0
2 120447 1 0
1 120447 1 0
0 120676 1 0
3 120676 1 0
2 120790 1 0
0 120905 1 0
1 120905 1 0
2 121019 1 0
0 121134 1 0
3 121134 1 0
1 121248 1 0
2 121363 1 0
3 121363 1 0
2 121592 1 0
0 121592 1 0
1 121706 1 0
3 121821 1 0
0 121821 1 0
2 121935 1 0
0 122050 1 0
1 122050 1 0
3 122279 1 0
2 122279 1 0
0 122508 1 0 
3 122508 1 0
1 122508 1 0
2 122737 1 0
0 122737 1 0 
3 122737 1 0
0 122966 1 0
3 122966 1 0
2 123080 1 0
1 123195 1 0
0 123195 1 0
3 123424 1 0
2 123424 1 0
3 123653 1 0
0 123653 1 0
2 123767 1 0
3 123882 1 0
1 123882 1 0
0 124111 1 0
1 124111 1 0
2 124340 1 0
3 124340 1 0
0 124454 1 0
1 124569 1 0
3 124569 1 0
2 124683 1 0
1 124798 1 0
0 124798 1 0
3 124912 1 0
2 125027 1 0
0 125027 1 0
1 125141 1 0
2 125256 1 0
3 125256 1 0
0 125485 1 0
3 125485 1 0
1 125599 1 0
2 125714 1 0
1 125828 1 0
0 125943 1 0
3 125943 1 0
2 126057 1 0
1 126172 1 0
2 126286 1 0
0 126401 2 126859 
3 126401 1 0
1 126401 1 0
2 126630 1 0
3 126859 1 0
1 126859 1 0 
2 126859 1 0
3 127088 1 0
0 127088 1 0
1 127202 1 0
2 127317 1 0
3 127317 1 0
1 127431 1 0
0 127546 1 0
3 127546 1 0
2 127775 1 0
1 127775 1 0
0 128004 1 0
3 128004 1 0
2 128118 1 0
0 128233 1 0
1 128233 1 0
3 128347 1 0
2 128462 1 0
0 128462 1 0
0 128691 1 0
3 128691 1 0
1 128805 1 0
3 128920 1 0
2 128920 1 0
1 129034 1 0
0 129149 1 0
3 129149 1 0
2 129263 1 0
0 129378 1 0
1 129378 1 0
1 129607 1 0
2 129607 1 0
2 129836 1 0 
3 129836 1 0
0 129836 1 0
1 130065 1 0 
0 130065 1 0
3 130065 1 0
1 130294 1 0
2 130408 1 0
3 130523 1 0
0 130523 1 0
2 130752 1 0
1 130866 1 0
0 130981 1 0
2 130981 1 0
3 130981 1 0
1 131210 1 0
2 131324 1 0
3 131439 1 0
0 131439 1 0
1 131553 1 0
2 131668 1 0
1 131782 1 0
0 131897 1 0
3 131897 1 0
2 132011 1 0
1 132126 1 0
3 132355 1 0
2 132355 1 0
3 132584 1 0
0 132584 1 0
2 132698 1 0
1 132813 1 0
0 132813 1 0
3 133042 1 0
2 133042 1 0
0 133271 1 0
3 133271 1 0
1 133385 1 0
2 133500 1 0
1 133614 1 0
3 133729 1 0
0 133729 1 0
2 133729 1 0
3 134416 1 0
1 134645 1 0
2 134874 1 0
0 135103 1 0
3 135332 1 0
2 135561 1 0
1 135790 1 0
2 136019 1 0
3 136019 1 0 
0 136019 2 136477 
3 136248 2 136477 
1 136477 1 0
3 136706 1 0
2 136706 2 136935 
0 136935 1 0
1 136935 2 137851 
0 137393 1 0
0 137851 1 0
2 137851 1 0
3 138309 1 0
3 138538 1 0
2 138653 1 0
0 138767 1 0
1 138767 1 0
3 138996 1 0
0 138996 1 0
3 139111 1 0
3 139225 2 139454 
0 139454 1 0
2 139454 1 0
1 139569 1 0
0 139683 2 140141 
3 139683 1 0
2 139683 1 0
1 140141 1 0
3 140370 2 140599 
2 140370 1 0
0 140599 2 141515 
1 140599 1 0
2 140828 1 0
3 141057 2 141515 
1 141515 1 0
3 141744 2 141973 
1 141973 2 142202 
0 141973 1 0
2 142202 2 142431 
3 142202 1 0
0 142431 2 142660 
1 142431 1 0
3 142660 2 142889 
2 142660 1 0
1 142889 1 0
0 142889 2 143118 
2 143004 1 0
1 143118 1 0
3 143118 2 143347 
2 143233 1 0
1 143347 1 0
0 143347 2 143805 
3 143576 2 143805 
2 143805 1 0
1 144034 2 144263 
0 144034 1 0
2 144263 2 145179 
3 144263 1 0
3 144721 1 0
1 145179 1 0
3 145179 1 0
0 145637 1 0
0 145866 1 0
1 145981 1 0
2 146095 1 0
3 146095 1 0
0 146324 1 0
3 146324 1 0
0 146439 1 0
0 146553 2 146782 
3 146782 1 0
1 146782 1 0
2 146897 1 0
1 147011 1 0
0 147011 1 0
3 147011 2 147469 
2 147469 1 0
0 147698 2 147927 
1 147698 1 0
3 147927 2 148843 
2 147927 1 0
0 148385 1 0
0 148843 1 0
1 148843 1 0
1 149301 1 0
0 149301 1 0
2 149530 1 0
3 149530 1 0
1 149759 1 0
0 149759 1 0
3 149836 1 0
2 149912 1 0
0 149988 1 0
1 149988 1 0
3 150065 1 0
2 150141 1 0
0 150217 1 0
1 150294 1 0
2 150370 1 0
0 150447 1 0
3 150447 1 0
0 150676 1 0
1 150676 1 0 
3 150676 1 0
3 150905 2 151134 
1 150905 1 0
2 151134 1 0
0 151363 2 151592 
1 151363 1 0
3 151363 1 0
3 151592 1 0
2 151592 1 0
0 151821 1 0
1 151935 1 0
3 152050 1 0
2 152164 1 0
0 152279 1 0
1 152393 1 0
2 152508 1 0
3 152508 2 152737 
1 152737 1 0
0 152737 1 0
2 152966 1 0
3 152966 1 0
3 153195 1 0
0 153195 1 0
2 153309 1 0
0 153424 1 0
1 153424 1 0
3 153653 1 0
0 153653 1 0
1 153767 1 0
2 153882 1 0
3 153996 1 0
0 153996 1 0
1 154111 1 0
2 154225 1 0
3 154340 1 0
0 154340 1 0
2 154569 1 0
0 154798 1 0
3 154798 1 0
0 155027 1 0
2 155027 1 0
1 155141 1 0
3 155256 1 0
0 155256 1 0
2 155485 1 0
1 155599 1 0
0 155714 1 0
3 155714 1 0
2 155828 1 0
0 155943 1 0
1 156057 1 0
2 156172 1 0
3 156172 1 0
0 156401 2 156630 
3 156630 1 0
1 156630 1 0
2 156744 1 0
1 156859 1 0
2 156973 1 0
3 157088 1 0
0 157088 1 0
2 157317 1 0
3 157546 1 0
0 157546 1 0
1 157660 1 0
2 157775 1 0
1 157889 1 0
0 158004 1 0
3 158004 1 0 
2 158004 1 0
2 158233 1 0
1 158347 1 0
0 158462 1 0 
3 158691 1 0
1 158691 1 0
2 158805 1 0
1 158920 1 0
0 158920 1 0
3 158920 1 0
0 159149 1 0
1 159263 1 0
2 159378 1 0
1 159607 1 0 
2 159721 1 0
0 159836 1 0
3 159836 1 0
3 160065 1 0
2 160065 1 0
1 160294 1 0
0 160294 1 0
3 160523 1 0
0 160523 1 0
2 160637 1 0
1 160752 1 0
3 160752 1 0
0 160752 1 0
2 160981 1 0
3 160981 1 0
0 161095 1 0
1 161210 1 0
2 161324 1 0
3 161324 1 0
0 161439 1 0
1 161553 1 0
2 161668 1 0
3 161668 2 161897 
1 161897 2 162126 
0 161897 1 0
3 162126 2 162355 
2 162126 1 0
0 162355 2 162584 
1 162355 1 0
2 162584 2 162813 
3 162584 1 0
0 162813 2 163042 
1 162813 1 0
2 163042 2 163271 
3 163042 1 0
1 163271 2 163500 
0 163271 1 0
3 163500 1 0
0 163500 1 0
2 163614 1 0
1 163729 1 0
3 163843 1 0
0 163843 1 0
1 163958 1 0
2 164072 1 0
3 164187 1 0
0 164187 1 0
1 164301 1 0
2 164416 1 0
3 164416 1 0
0 164645 2 164874 
1 164874 1 0
2 164988 1 0
3 164988 1 0
1 165103 1 0
0 165103 1 0
2 165217 1 0
1 165332 1 0
0 165332 1 0 
3 165332 1 0
3 165561 2 165790 
2 165561 1 0
1 165790 1 0 
0 165790 1 0
3 166019 2 166248 
1 166019 1 0
2 166248 1 0
0 166248 1 0 
0 166477 1 0
3 166477 2 166706 
2 166706 1 0 
1 166706 1 0
2 166935 1 0
3 166935 1 0
1 167164 1 0
0 167164 1 0 
3 167164 1 0
0 167393 2 167622 
1 167393 1 0
3 167622 1 0 
2 167622 1 0
0 167851 2 168080 
2 167851 1 0
3 168080 1 0 
1 168080 1 0
1 168309 1 0
0 168309 2 168538 
3 168538 1 0 
2 168538 1 0
3 168767 1 0
0 168767 1 0
1 168882 1 0
2 168996 1 0 
3 168996 1 0
1 169225 1 0
0 169225 1 0
2 169454 1 0 
3 169454 1 0
0 169683 1 0
3 169683 1 0
1 169798 1 0
0 169912 1 0 
2 169912 1 0
3 170141 1 0
0 170141 1 0
2 170256 1 0
1 170370 1 0 
3 170370 1 0
3 170599 1 0
0 170599 1 0
2 170714 1 0
0 170828 1 0 
1 170828 1 0
2 171057 1 0
3 171057 1 0
1 171172 1 0
0 171172 1 0
2 171286 1 0
3 171286 1 0 
3 171515 1 0
0 171515 1 0
2 171630 1 0
0 171744 1 0 
1 171744 1 0
2 171973 1 0
3 171973 1 0
0 172202 1 0 
3 172202 1 0
2 172317 1 0
1 172317 1 0
0 172431 1 0
3 172431 1 0
3 172660 1 0 
1 172660 1 0 
0 172660 1 0
2 172775 1 0
1 172889 1 0
0 172889 1 0
3 173004 1 0
1 173118 1 0
2 173118 1 0
0 173233 1 0
2 173347 1 0
3 173347 1 0
1 173462 1 0
0 173576 1 0
3 173576 1 0
2 173691 1 0
1 173805 1 0
0 173805 1 0
2 173920 1 0
0 174034 1 0
3 174034 1 0
1 174263 1 0
2 174263 1 0
0 174492 1 0
3 174492 1 0
2 174607 1 0
1 174721 1 0
0 174721 1 0
0 174950 1 0
3 174950 1 0
1 175065 1 0
2 175179 1 0
3 175179 1 0
3 175408 1 0
0 175408 1 0
2 175523 1 0
1 175637 1 0
0 175637 1 0
2 175866 1 0
3 175866 1 0
0 176095 1 0
1 176095 1 0
3 176324 1 0
2 176324 1 0
0 176324 1 0
1 176439 1 0
3 176553 1 0
2 176553 1 0
0 176668 1 0
1 176782 1 0
3 176782 1 0
2 176897 1 0
0 177011 1 0
3 177011 1 0
1 177126 1 0
2 177240 1 0
3 177240 1 0
0 177355 1 0
1 177355 1 0
3 177469 1 0
2 177469 1 0
0 177584 1 0
1 177584 1 0
3 177698 1 0
2 177698 1 0
0 177813 1 0
1 177813 1 0
3 177927 1 0
2 177927 1 0
0 178042 1 0
1 178042 1 0
3 178156 1 0
2 178156 1 0
0 178214 1 0
1 178271 1 0
3 178328 1 0
2 178385 1 0
0 178443 1 0
1 178500 1 0
2 178557 1 0
3 178614 1 0
0 178614 1 0
1 178672 1 0
2 178729 1 0
3 178786 1 0
0 178843 1 0
1 178901 1 0
3 178958 1 0
2 179015 1 0
0 179072 2 179530 
1 179072 1 0
2 179530 1 0
3 179530 1 0
1 179530 1 0
3 179988 1 0
0 179988 1 0 
1 179988 1 0
3 180217 1 0
1 180217 1 0
2 180332 1 0
0 180447 1 0
3 180447 1 0
1 180561 1 0
3 180676 1 0
2 180676 1 0
1 180905 1 0
2 180905 1 0
0 181134 1 0
3 181134 1 0
2 181248 1 0
1 181363 1 0
0 181363 1 0
3 181477 1 0
2 181592 1 0
0 181592 1 0
1 181706 1 0
3 181821 1 0
2 181821 1 0
0 182050 1 0
2 182050 1 0
1 182164 1 0
3 182279 1 0
0 182279 1 0
2 182393 1 0
0 182508 1 0
1 182508 1 0
2 182737 1 0
1 182737 1 0
3 182966 1 0 
0 182966 1 0
2 182966 1 0
0 183195 1 0 
3 183195 1 0
1 183195 1 0
0 183424 1 0
3 183424 1 0
1 183538 1 0
2 183653 1 0
3 183653 1 0
0 183882 1 0
1 183882 1 0
3 184111 1 0
0 184111 1 0
2 184225 1 0
0 184340 1 0
1 184340 1 0
3 184569 1 0
2 184569 1 0
3 184798 1 0
0 184798 1 0
2 184912 1 0
1 185027 1 0
0 185027 1 0
3 185141 1 0
0 185256 1 0
2 185256 1 0
1 185370 1 0
3 185485 1 0
2 185485 1 0
1 185599 1 0
0 185714 1 0
3 185714 1 0
2 185943 1 0
3 185943 1 0
0 186057 1 0
1 186172 1 0
2 186286 1 0
3 186401 1 0
0 186401 1 0
1 186515 1 0
2 186630 1 0
1 186744 1 0
0 186859 1 0
2 186859 1 0
3 186859 2 187317 
1 187088 1 0
2 187317 1 0
1 187317 1 0 
0 187317 1 0
3 187546 1 0
0 187546 1 0
1 187660 1 0
2 187775 1 0
3 187775 1 0
0 187889 1 0
1 188004 1 0
3 188004 1 0
1 188233 1 0
2 188233 1 0
3 188462 1 0
0 188462 1 0
2 188576 1 0
0 188691 1 0
1 188691 1 0
2 188805 1 0
3 188920 1 0
0 188920 1 0
2 189149 1 0
3 189149 1 0
0 189263 1 0
3 189378 1 0
1 189378 1 0
2 189492 1 0
0 189607 1 0
1 189607 1 0
2 189721 1 0
3 189836 1 0
0 189836 1 0
1 190065 1 0
2 190065 1 0
0 190294 1 0
3 190294 1 0
1 190294 1 0 
3 190523 1 0
2 190523 1 0 
0 190523 1 0
3 190752 1 0
1 190752 1 0
2 190866 1 0
1 190981 1 0
0 190981 1 0
3 191210 1 0
2 191210 1 0
3 191439 1 0
0 191439 1 0
1 191553 1 0
3 191668 1 0
2 191668 1 0
0 191897 1 0
1 191897 1 0
3 192126 1 0
0 192126 1 0
2 192240 1 0
1 192355 1 0
0 192355 1 0
3 192469 1 0
0 192584 1 0
2 192584 1 0
1 192698 1 0
2 192813 1 0 
3 192813 1 0
3 193042 1 0
0 193042 1 0
1 193156 1 0
0 193271 1 0
2 193271 1 0
2 193500 1 0
3 193500 1 0
3 193729 1 0
0 193729 1 0
1 193843 1 0
2 193958 1 0
1 194072 1 0
3 194187 1 0
0 194187 1 0
2 194416 1 0
3 194645 2 195561 
2 194645 1 0
1 194645 1 0
0 194874 1 0
2 194988 1 0
1 195103 1 0
0 195217 1 0
2 195332 1 0
0 195561 2 196477 
1 195561 1 0
3 195790 1 0
2 195905 1 0
1 196019 1 0
3 196134 1 0
2 196248 1 0
1 196363 1 0
3 196477 1 0
2 196477 1 0
3 196706 1 0
0 196706 1 0
1 196821 1 0
0 196935 1 0
2 196935 1 0
3 197164 1 0
2 197221 1 0
1 197279 1 0
0 197336 1 0
3 197393 2 197851 
2 197393 1 0
0 197851 1 0
1 197851 1 0 
2 197851 1 0
2 198309 1 0
3 198309 1 0
0 198309 2 198653 
3 198538 1 0
0 198767 2 199111 
1 198767 1 0
2 198996 1 0
0 199225 2 199569 
1 199225 1 0
3 199454 1 0
3 199683 1 0
0 199683 1 0
2 199798 1 0
1 199912 1 0
0 199912 1 0
2 200027 1 0
3 200027 1 0
1 200141 1 0
0 200141 2 200485 
3 200370 1 0
1 200599 1 0
0 200599 2 200943 
3 200828 1 0
1 201057 1 0
0 201057 1 0
3 201286 1 0
3 201515 1 0
0 201515 1 0
1 201744 1 0
2 201973 1 0
3 201973 2 202317 
0 202202 1 0
3 202431 2 202775 
2 202431 1 0
1 202660 1 0
3 202889 2 203233 
2 202889 1 0
0 203118 1 0
0 203347 1 0
3 203347 1 0
1 203462 1 0
2 203576 1 0
3 203576 1 0
1 203691 1 0
0 203691 1 0
2 203805 1 0
3 203805 2 204149 
0 204034 1 0
2 204263 1 0
3 204263 2 204607 
0 204492 1 0
0 204721 1 0
1 204779 1 0
3 204836 1 0
2 204893 1 0
0 204950 1 0
1 205008 1 0
3 205065 1 0
2 205122 1 0
0 205179 1 0
1 205237 1 0
3 205294 1 0
2 205351 1 0
0 205408 1 0
1 205466 1 0
2 205523 1 0
1 205637 1 0
3 205637 1 0 
0 205637 1 0
2 205866 1 0
0 206095 1 0
3 206095 1 0
1 206095 1 0
1 206324 1 0
0 206553 1 0
2 206553 1 0
3 206553 1 0
2 206782 1 0
3 207011 1 0
0 207011 1 0
1 207011 1 0
2 207126 1 0
1 207240 1 0
2 207355 1 0
3 207469 1 0
0 207469 1 0
1 207469 1 0
2 207698 1 0
3 207927 1 0
0 207927 1 0
1 207927 1 0
2 208156 1 0
1 208271 1 0
0 208385 1 0
3 208385 1 0
2 208385 1 0
1 208614 1 0
0 208843 1 0
3 208843 1 0
2 208843 1 0
2 209072 1 0
0 209301 1 0
1 209301 1 0
3 209301 1 0
2 209530 1 0
3 209530 1 0
2 209759 1 0
1 209759 1 0
0 209759 1 0
3 209988 1 0
0 209988 1 0
1 210103 1 0
0 210217 1 0
2 210217 1 0
3 210217 1 0
1 210332 1 0
2 210447 1 0
3 210447 1 0
0 210676 1 0
1 210676 1 0
3 210676 1 0
2 210790 1 0
0 210905 1 0
3 210905 1 0
1 211019 1 0
0 211134 1 0
2 211134 1 0
3 211134 1 0
0 211363 1 0
2 211477 1 0
1 211534 1 0
0 211592 1 0
3 211592 1 0
2 211821 1 0
1 211821 1 0
1 212050 1 0
0 212050 1 0
3 212050 1 0
3 212279 1 0
2 212279 1 0
0 212508 1 0
2 212508 2 213424 
3 212508 2 213882 
