3 447 1 0 
0 905 1 0 
3 1363 1 0 
0 1821 1 0 
2 2279 1 0 
3 2279 1 0 
0 3195 1 0 
3 3195 1 0 
1 4111 1 0 
0 4111 1 0 
2 5027 1 0 
3 5027 1 0 
0 5943 1 0 
3 5943 1 0 
1 6859 1 0 
0 6859 1 0 
2 7775 1 0 
1 7775 1 0 
2 8691 1 0 
3 8691 1 0 
3 9607 1 0 
0 9607 1 0 
1 10065 1 0 
0 10523 1 0 
3 10523 1 0 
2 10981 1 0 
1 11439 1 0 
0 11439 1 0 
3 11897 1 0 
2 12355 1 0 
1 12355 1 0 
0 12813 1 0 
3 13271 1 0 
2 13729 1 0 
0 14187 1 0 
1 14645 1 0 
3 15103 1 0 
2 15561 1 0 
1 16019 1 0 
0 16477 1 0 
3 16477 1 0 
3 16935 1 0 
0 17393 1 0 
3 17851 1 0 
0 18309 1 0 
1 18767 1 0 
3 19225 1 0 
2 19683 1 0 
1 20141 1 0 
0 20599 1 0 
3 21057 1 0 
0 21515 1 0 
3 21973 1 0 
2 22431 1 0 
0 22889 1 0 
1 23347 1 0 
2 23805 1 0 
3 24263 1 0 
0 24721 1 0 
3 25179 1 0 
0 25637 1 0 
1 26095 1 0 
3 26553 1 0 
2 27011 1 0 
1 27469 1 0 
0 27927 1 0 
3 28385 1 0 
0 28843 1 0 
3 29301 2 29759 
1 29759 1 0 
0 29759 1 0 
2 30217 1 0 
1 30676 1 0 
2 31134 1 0 
3 31134 1 0 
0 31592 1 0 
3 32050 1 0 
0 32508 1 0 
3 32966 1 0 
1 33424 1 0 
3 33882 1 0 
1 34340 1 0 
3 34798 1 0 
0 35256 1 0 
2 35714 1 0 
0 36172 1 0 
2 36630 1 0 
1 37088 1 0 
3 37546 1 0 
1 38004 1 0 
3 38462 1 0 
1 38920 1 0 
0 38920 1 0 
3 39378 1 0 
0 39836 1 0 
3 40294 1 0 
0 40752 1 0 
2 41210 1 0 
0 41668 1 0 
2 42126 1 0 
1 42584 1 0 
0 43042 1 0 
3 43042 1 0 
2 43500 1 0 
3 43958 1 0 
0 43958 1 0 
1 44416 1 0 
2 44874 1 0 
3 45332 1 0 
0 45332 1 0 
0 46248 1 0 
1 46248 1 0 
3 46706 1 0 
2 46706 1 0 
0 47164 2 47622 
2 47622 1 0 
1 48080 1 0 
3 48538 1 0 
0 48538 1 0 
2 48996 2 49454 
1 49454 1 0 
2 49912 1 0 
3 50370 1 0 
0 50370 1 0 
1 50828 1 0 
2 51286 1 0 
3 51286 1 0 
0 51744 1 0 
1 52202 1 0 
3 52202 1 0 
2 52660 1 0 
1 53118 1 0 
0 53118 1 0 
0 53576 1 0 
3 53576 1 0 
2 54034 1 0 
3 54034 1 0 
1 54492 2 54950 
2 54950 1 0 
1 55408 1 0 
0 55866 1 0 
2 55866 1 0 
3 56324 2 56782 
1 56782 1 0 
2 57240 1 0 
3 57698 1 0 
0 57698 1 0 
1 58156 1 0 
3 58614 1 0 
2 58843 1 0 
1 59072 2 60447 
3 60447 1 0 
2 60447 1 0 
3 60905 1 0 
0 60905 1 0 
1 61363 1 0 
2 61821 2 62279 
0 62279 1 0 
3 62737 1 0 
2 63195 1 0 
1 63653 1 0 
3 63882 1 0 
0 64111 1 0 
2 64569 1 0 
3 64569 1 0 
0 65027 1 0 
1 65485 1 0 
3 65943 1 0 
2 66172 1 0 
1 66401 1 0 
3 66859 1 0 
0 67317 1 0 
1 67775 1 0 
2 67775 1 0 
0 68233 1 0 
3 68233 1 0 
2 68691 1 0 
1 69149 1 0 
3 69607 1 0 
0 70065 1 0 
1 70523 1 0 
2 70981 1 0 
0 71210 1 0 
3 71439 1 0 
0 71897 2 72813 
2 72355 1 0 
3 72813 2 73729 
1 73271 1 0 
0 73729 1 0 
3 74187 1 0 
1 74645 2 75103 
3 75103 1 0 
0 75561 1 0 
3 76019 1 0 
0 76477 1 0 
3 76935 1 0 
2 77393 1 0 
0 77851 1 0 
1 78309 1 0 
2 78767 1 0 
3 79225 1 0 
0 79683 1 0 
3 80141 1 0 
0 80599 1 0 
1 81057 1 0 
3 81515 1 0 
2 81973 1 0 
1 82431 1 0 
0 82889 1 0 
3 83347 1 0 
0 83805 1 0 
3 84263 1 0 
2 84721 1 0 
0 85179 1 0 
1 85637 1 0 
2 86095 1 0 
3 86553 1 0 
0 87011 1 0 
3 87469 1 0 
1 87927 1 0 
2 88385 2 89072 
0 89072 1 0 
2 89530 1 0 
1 89759 1 0 
3 90217 1 0 
0 92050 1 0 
1 93882 1 0 
2 95714 1 0 
0 96630 2 97546 
2 97546 1 0 
1 98004 1 0 
3 98462 1 0 
2 98920 1 0 
0 99378 1 0 
1 99836 1 0 
3 100294 1 0 
2 100752 1 0 
1 101210 1 0
3 101439 1 0
0 102126 1 0
2 102355 1 0
0 103042 1 0
3 103271 1 0
0 103500 1 0
3 103729 1 0
0 103958 1 0
0 104874 1 0 
3 104874 1 0 
2 105332 1 0 
1 105332 1 0 
3 105790 2 106248 
0 106248 1 0 
1 106706 1 0 
2 107164 1 0 
3 107164 1 0 
0 107622 2 108080 
3 108080 1 0 
2 108538 1 0 
0 108996 1 0 
1 108996 1 0 
3 109454 1 0 
2 109912 1 0 
0 109912 1 0 
1 110370 1 0 
2 110828 1 0 
3 110828 1 0 
0 111286 1 0 
1 111744 1 0 
3 111744 1 0 
2 112202 1 0 
1 112202 1 0 
2 112660 1 0 
0 112660 1 0 
1 113118 2 113576 
3 113576 1 0 
2 114034 1 0 
1 114492 1 0 
0 114492 1 0 
2 114950 2 115408 
0 115408 1 0 
1 115866 1 0 
0 116324 1 0 
3 116324 1 0 
2 116782 1 0 
0 117240 1 0 
1 117469 1 0 
2 117698 2 119072 
0 119072 1 0 
1 119072 1 0 
0 119530 1 0 
3 119530 1 0 
2 119988 1 0 
1 120447 2 120905 
3 120905 1 0 
0 121363 1 0 
1 121821 1 0 
2 122279 1 0 
0 122508 1 0 
3 122737 1 0 
1 123195 1 0 
2 123653 1 0 
0 124111 1 0 
2 124569 1 0 
1 124798 1 0 
3 125027 1 0 
2 125485 1 0 
1 125943 1 0 
2 126401 1 0 
3 126401 1 0 
1 126859 1 0 
0 126859 1 0 
3 127317 1 0 
2 127775 1 0 
0 128233 1 0 
1 128691 1 0 
2 129149 1 0 
1 129607 1 0 
3 129836 1 0 
0 130065 1 0 
3 130523 2 131439 
1 130981 1 0 
0 131439 2 132355 
2 131897 1 0 
3 132355 1 0 
0 132813 1 0 
3 133271 1 0 
1 133729 1 0 
0 133729 1 0 
3 134416 2 135103 
0 135103 2 136019 
2 136019 1 0 
3 136935 2 137851 
0 137851 2 138767 
2 138767 2 139683 
0 139683 2 140599 
1 139683 1 0 
3 140599 2 141515 
0 141515 2 142431 
2 142431 2 143347 
1 142889 2 143347 
3 143347 1 0 
0 144263 2 145179 
3 145179 2 146095 
1 146095 1 0 
2 147011 2 147927 
1 147927 2 148843 
0 147927 1 0 
3 148843 2 149759 
0 149759 2 150676 
2 150676 1 0 
1 151134 1 0 
3 151592 1 0 
2 152050 1 0 
0 152508 1 0 
1 152966 1 0 
2 153424 1 0 
0 153882 2 154340 
3 154340 1 0 
2 154798 1 0 
1 155256 1 0 
3 155714 2 156172 
0 156172 1 0 
1 156630 2 157088 
3 157088 1 0 
2 157546 2 158004 
0 158004 2 158920 
1 158004 1 0 
3 158920 2 159378 
1 159378 2 159836 
3 159836 1 0 
0 160294 1 0 
2 160752 1 0 
1 161210 1 0 
3 161668 2 163500 
0 162584 2 163500 
2 163500 1 0 
1 163958 1 0 
0 164416 1 0 
0 165332 1 0 
3 165332 1 0 
1 165790 1 0 
2 166248 1 0 
1 166706 1 0 
3 166935 1 0 
0 167164 1 0 
2 167622 1 0 
1 168080 1 0 
0 168538 1 0 
3 168996 1 0 
2 169454 1 0 
1 169912 1 0 
2 170370 1 0 
0 170599 1 0 
3 170828 1 0 
1 171286 1 0 
2 171744 1 0 
1 172202 1 0 
0 172660 1 0 
3 172660 1 0 
2 173118 1 0 
1 173576 1 0 
0 174034 1 0 
2 174492 1 0 
3 174492 1 0 
1 174950 1 0 
0 174950 1 0 
2 175408 1 0 
3 175408 1 0 
0 175866 1 0 
1 176324 1 0 
3 176324 2 179072 
2 177240 1 0 
0 178156 2 179072 
1 178156 1 0 
2 179072 1 0 
0 179530 1 0 
3 179530 1 0 
0 179988 1 0 
1 179988 1 0 
2 180447 1 0 
3 180905 2 181363 
0 181363 1 0 
1 181821 1 0 
2 182279 1 0 
0 182737 1 0 
3 182966 1 0 
1 183195 1 0 
2 183653 1 0 
3 184111 1 0 
0 184569 1 0 
2 185027 1 0 
1 185256 1 0 
0 185485 1 0 
3 185943 1 0 
1 186401 1 0 
3 186859 1 0 
2 186859 1 0 
3 187317 1 0 
0 187317 1 0 
1 187775 1 0 
2 188233 1 0 
0 188691 1 0 
1 189149 1 0 
3 189607 1 0 
2 190065 1 0 
0 190294 1 0 
3 190523 1 0 
0 190981 2 191897 
1 191439 1 0 
3 191897 2 192813 
2 192355 1 0 
0 192813 1 0 
1 193271 1 0 
2 193729 1 0 
3 194187 1 0 
0 194645 1 0 
1 194645 1 0 
2 195561 1 0 
3 195561 1 0 
3 196477 1 0 
0 196935 1 0 
1 197393 1 0 
2 197851 1 0 
3 197851 1 0 
0 198309 1 0 
3 198767 1 0 
0 199225 1 0 
3 199683 1 0 
2 200141 1 0 
0 200599 1 0 
1 201057 1 0 
2 201515 1 0 
3 201973 1 0 
0 202431 1 0 
3 202889 1 0 
0 203347 1 0 
1 203805 1 0 
3 204263 1 0 
2 204721 1 0 
1 205179 1 0 
0 205637 1 0 
3 206095 1 0 
0 206553 1 0 
3 207011 1 0 
2 207469 1 0 
0 207927 1 0 
1 208385 1 0 
2 208843 1 0 
3 209301 1 0 
0 209759 1 0 
3 210217 1 0 
2 210676 1 0 
1 211134 2 211592 
3 211592 1 0 
0 212050 1 0 
3 212508 2 13882 
2 212508 2 213882 
