1  605 0 0
2  758 1 0
0 912 1 0
3  1066 1 0
2  1220 1 0
1  1374 1 0
0 1528 1 0
3  1681 1 0
1  1758 1 0
2  1835 1 0
3  2143 1 0
1  2451 1 0
2  2758 1 0
0 3066 1 0
1  3220 1 0
2  3374 1 0
3  3528 1 0
1  3681 1 0
2  3835 1 0
0 3989 1 0
1  4143 1 0
2  4297 1 0
0 4605 1 0
3  4912 1 0
1  5374 1 0
2  5451 1 0
3  5528 1 0 
0 5528 1 0
2  5681 1 0
1  5835 1 0 
3  5835 1 0
0 5989 1 0
1  6143 1 0 
2  6143 1 0
3  6297 1 0
2  6451 1 0
0 6605 1 0
1  6681 1 0
3  6758 1 0
2  6912 1 0
1  7066 1 0 
3  7066 1 0
2  7220 1 0
0 7374 1 0 
1  7374 1 0
0 7681 2 7989
3  7681 1 0
3  7989 1 0 
2  7989 1 0 
1  8143 1 0
2  8297 1 0 
0 8297 1 0
3  8451 1 0
1  8605 1 0 
0 8605 1 0
3  8758 1 0
2  8912 2 9066
0 9066 2 9220
3  9220 2 9374
1  9374 2 9528
3  9528 1 0 
2  9528 2 9681
0 9681 2 9835
3  9835 1 0 
1  9835 2 10143
2  10143 1 0
3  10451 1 0 
1  10451 1 0 
0 10451 1 0
2  10681 1 0
0 10912 1 0
0 11143 1 0
3  11374 1 0
2  11528 1 0
1  11681 1 0
2  11912 1 0
2  12143 1 0
0 12374 1 0
3  12605 1 0
2  12758 1 0
1  12912 1 0
2  13143 1 0
0 13374 1 0
0 13605 1 0
3  13835 1 0
2  13989 1 0
1  14143 1 0
2  14374 1 0
2  14605 1 0
0 14835 1 0
3  15066 1 0
1  15220 1 0
3  15374 1 0 
0 15374 1 0 
2  15605 1 0 
0 15605 1 0 
3  15835 1 0 
1  15835 1 0 
3  16066 1 0 
0 16066 1 0 
1  16297 1 0 
0 16297 1 0 
3  16451 1 0 
2  16451 1 0 
1  16605 1 0 
0 16605 1 0 
3  16835 1 0 
1  16835 1 0 
2  17066 1 0 
3  17066 1 0 
0 17297 1 0 
1  17297 1 0 
3  17528 1 0 
0 17528 1 0 
1  17681 1 0 
2  17681 1 0 
3  17835 1 0 
0 17835 1 0 
2  18066 1 0 
1  18066 1 0 
2  18297 1 0 
0 18297 1 0 
1  18528 1 0 
0 18528 1 0 
2  18758 1 0 
3  18758 1 0 
0 18912 1 0 
1  18912 1 0 
2  19066 1 0 
3  19066 1 0 
0 19220 1 0 
1  19297 1 0 
2  19374 1 0 
1  19451 1 0 
0 19528 1 0 
3  19605 1 0 
1  19681 1 0 
2  19758 1 0 
0 19835 1 0 
1  19912 1 0 
3  19989 2 20297
2  19989 2 20297
0 20297 1 0 
1  20297 1 0 
3  20451 1 0 
0 20528 1 0
2  20605 1 0 
1  20605 1 0 
3  20758 1 0 
0 20912 1 0 
1  20912 1 0
3  20989 1 0
2  21066 1 0 
3  21220 1 0 
0 21220 1 0 
1  21374 1 0 
2  21528 1 0 
0 21528 1 0
3  21681 1 0 
1  21758 1 0
2  21835 1 0 
3  21835 1 0 
0 21989 1 0 
2  22143 1 0 
3  22143 1 0
0 22220 1 0
1  22297 1 0 
0 22451 1 0 
3  22451 1 0 
2  22605 1 0 
1  22758 1 0 
3  22758 1 0
0 22912 1 0 
1  22989 1 0
2  23066 1 0 
3  23066 1 0 
0 23220 1 0 
2  23374 1 0 
3  23374 1 0
0 23451 1 0
1  23528 1 0 
2  23681 1 0 
0 23681 1 0 
3  23835 1 0 
0 23989 1 0 
1  23989 1 0
2  24066 1 0
1  24143 1 0 
3  24297 1 0 
2  24297 1 0 
1  24374 1 0
2  24451 1 0 
1  24605 1 0 
0 24605 1 0
2  24758 1 0 
3  24758 1 0 
0 24912 2 25220
1  24912 2 25220
2  25220 1 0 
3  25220 1 0 
0 25374 1 0 
3  25451 1 0
2  25528 1 0 
1  25528 1 0 
0 25681 1 0 
2  25835 1 0 
3  25835 1 0
0 25912 1 0
1  25989 1 0 
0 26143 1 0 
3  26143 1 0 
2  26297 1 0 
1  26451 1 0 
3  26451 1 0
0 26605 1 0 
1  26681 1 0
2  26758 1 0 
0 26758 1 0 
3  26912 1 0 
0 27066 1 0 
1  27066 1 0
3  27143 1 0
2  27220 1 0 
3  27374 2 27681
0 27374 1 0 
1  27528 1 0 
0 27681 1 0 
2  27681 1 0 
2  27835 1 0 
1  27989 1 0 
3  27989 1 0 
1  28143 1 0 
2  28297 1 0 
0 28297 1 0 
3  28451 1 0 
1  28528 1 0 
2  28605 1 0 
3  28605 1 0 
0 28758 1 0 
1  28758 1 0 
2  28912 1 0 
1  29066 2 29220
0 29066 2 29220
3  29220 1 0 
3  29374 1 0 
1  29528 1 0 
2  29605 1 0 
0 29681 1 0 
2  29835 2 30143
0 30143 1 0 
1  30143 1 0 
3  30297 1 0 
3  30451 1 0 
2  30451 1 0 
0 30605 1 0 
1  30758 1 0 
2  30758 1 0
3  30912 1 0 
2  31066 1 0 
0 31066 1 0 
1  31220 1 0 
2  31374 1 0 
3  31374 1 0
0 31528 1 0 
0 31681 1 0 
1  31681 1 0 
3  31835 1 0 
2  31989 1 0 
1  31989 1 0
0 32143 1 0 
1  32297 1 0 
3  32297 1 0 
2  32451 1 0 
0 32605 1 0 
1  32605 1 0
3  32758 1 0 
3  32912 1 0 
2  32912 1 0 
0 33066 1 0 
1  33220 1 0 
2  33220 1 0
3  33374 1 0 
2  33528 1 0 
0 33528 1 0 
1  33681 1 0 
2  33835 1 0 
3  33835 1 0
0 33989 1 0 
0 34143 1 0 
1  34143 1 0 
3  34297 1 0 
2  34451 1 0 
1  34451 1 0
0 34605 1 0 
2  34758 1 0 
3  34758 2 35066
1  35066 1 0 
0 35066 1 0
2  35220 1 0 
1  35374 1 0 
3  35374 1 0 
0 35528 1 0 
2  35681 1 0 
1  35681 1 0
3  35835 1 0 
0 35989 1 0 
2  35989 1 0 
1  36143 1 0 
2  36297 1 0 
3  36297 1 0
0 36451 1 0 
1  36605 1 0 
2  36605 1 0 
3  36758 1 0 
1  36912 1 0 
0 36912 1 0
2  37066 1 0 
0 37220 1 0 
3  37220 1 0 
1  37374 1 0 
3  37528 2 37989
2  37528 1 0
0 37681 1 0 
1  37835 1 0 
2  37835 1 0 
0 37989 1 0 
1  38143 1 0 
3  38143 1 0
2  38297 1 0 
3  38451 1 0 
0 38451 1 0 
1  38605 1 0 
2  38758 1 0 
3  38758 1 0
0 38912 1 0 
1  39066 1 0 
0 39066 1 0 
3  39220 1 0 
2  39374 1 0 
3  39374 1 0
1  39528 1 0 
0 39681 1 0 
3  39681 1 0 
2  39758 1 0 
1  39835 1 0 
0 39912 1 0 
3  39989 1 0 
2  39989 1 0 
1  40143 1 0 
2  40297 1 0 
0 40297 1 0 
3  40451 1 0 
2  40605 1 0 
1  40605 1 0
0 40758 1 0 
2  40912 1 0 
3  40912 2 41220
0 41220 1 0 
1  41220 1 0
2  41374 1 0 
1  41528 1 0 
0 41528 1 0 
3  41681 2 41835
2  41835 1 0 
0 41835 1 0
1  41989 1 0 
3  42143 2 42451
2  42143 1 0 
0 42451 1 0 
1  42451 1 0
3  42605 2 42758
2  42758 1 0 
0 42758 1 0 
1  42912 1 0 
3  43066 2 43220
0 43066 1 0
2  43220 1 0 
0 43297 2 43374
3  43374 1 0 
2  43374 1 0 
0 43528 2 43681
3  43681 1 0 
1  43681 1 0
2  43835 1 0 
0 43835 1 0
3  43989 1 0 
1  43989 1 0
2  44143 1 0 
3  44143 1 0
0 44297 1 0 
1  44374 1 0 
2  44451 1 0 
1  44528 1 0 
0 44605 1 0 
3  44605 2 44912
2  44758 2 44912
1  44912 1 0 
0 44912 1 0 
0 45143 1 0 
2  45143 1 0 
1  45374 1 0 
3  45374 1 0 
3  45605 1 0 
0 45605 1 0 
1  45835 1 0 
0 45835 1 0 
2  45989 1 0 
0 46143 1 0 
3  46143 1 0 
0 46374 1 0 
2  46374 1 0 
3  46605 1 0 
1  46605 1 0 
0 46835 1 0 
2  46912 1 0 
0 46989 1 0 
2  47066 1 0 
3  47066 1 0 
1  47220 1 0 
0 47374 1 0 
3  47374 1 0 
2  47528 2 47681
1  47681 1 0 
0 47681 1 0 
3  47758 1 0 
2  47758 1 0
3  47912 1 0 
0 47912 1 0
1  48066 1 0 
2  48143 1 0 
1  48220 1 0 
3  48297 1 0 
0 48297 1 0 
2  48451 1 0 
1  48605 1 0 
3  48605 1 0 
0 48681 1 0
1  48758 1 0
2  48835 1 0
3  48912 1 0
0 48989 1 0
1  49066 1 0
2  49143 1 0
3  49220 1 0
2  49297 1 0
1  49374 1 0
0 49451 1 0
3  49528 1 0
2  49605 1 0
1  49681 1 0
0 49758 1 0
2  49835 1 0 
3  49835 2 49989
1  49989 2 50143
3  50143 2 50297
0 50297 2 50451
2  50451 2 50605
1  50605 2 50758
3  50758 2 50912
2  50912 2 51066
0 51066 2 51374
3  51374 2 51681
2  51681 2 51989
1  51989 2 52297
2  52297 2 52451
0 52451 2 52605
3  52605 2 52758
1  52758 2 52912
0 52912 2 53066
2  53066 2 53220
1  53220 2 53374
3  53374 2 53528
2  53528 2 53835
0 53835 2 53989
3  54143 2 54451
0 54297 1 0 
1  54374 1 0 
2  54451 1 0 
0 54605 1 0 
1  54681 1 0
3  54758 1 0 
2  54758 1 0 
0 54912 1 0 
3  55066 1 0 
1  55220 1 0 
2  55374 1 0 
1  55528 1 0 
3  55681 1 0 
0 55835 1 0 
1  55912 1 0
2  55989 1 0 
3  55989 1 0 
0 56143 1 0 
2  56297 1 0 
1  56451 1 0 
3  56605 1 0 
2  56758 1 0 
0 56912 1 0 
1  56989 1 0 
2  57066 1 0 
3  57143 1 0 
1  57220 1 0 
0 57220 1 0 
2  57297 1 0 
3  57374 1 0 
1  57451 1 0 
2  57528 1 0 
0 57605 1 0 
1  57681 1 0 
3  57758 1 0 
2  57835 1 0 
0 57835 1 0 
1  57912 1 0 
3  57989 1 0 
2  58066 1 0 
0 58143 1 0 
1  58220 1 0 
2  58297 1 0 
3  58374 1 0 
1  58451 1 0 
0 58451 1 0 
3  58605 1 0
2  58758 1 0
1  58758 1 0
0 58912 1 0
2  59066 1 0
3  59066 1 0
0 59374 1 0 
1  59374 1 0 
3  59374 1 0
3  59681 1 0 
2  59681 2 59989
0 59681 1 0
1  59835 1 0 
0 59989 2 60297
3  59989 1 0 
2  60143 1 0 
1  60297 1 0 
3  60297 2 60451
2  60451 1 0 
1  60528 1 0
0 60605 1 0 
3  60605 1 0 
2  60681 1 0
1  60758 1 0 
3  60912 2 61220
0 60912 1 0
2  61066 1 0 
1  61220 1 0 
0 61220 1 0 
3  61374 1 0 
2  61451 1 0
0 61528 1 0 
1  61528 1 0
2  61681 1 0 
1  61758 1 0
0 61835 1 0 
3  61835 1 0 
1  61912 1 0
2  61989 1 0 
1  62143 1 0 
3  62143 1 0
0 62297 2 62451
3  62451 1 0 
2  62451 1 0 
1  62605 2 62758
2  62758 1 0 
3  62758 1 0
0 62912 2 63066
3  63066 1 0 
2  63066 1 0 
1  63220 2 63374
2  63374 1 0 
3  63374 1 0
0 63528 2 63681
3  63681 1 0 
2  63681 1 0 
1  63835 2 63989
2  63989 1 0 
3  63989 1 0
0 64143 2 64297
2  64297 1 0 
3  64297 2 64451
1  64451 1 0 
2  64605 2 64912
3  64605 1 0
0 64758 1 0 
1  64912 2 65220
3  64912 1 0 
2  65066 1 0 
0 65220 2 65374
3  65220 1 0
2  65374 1 0 
1  65451 1 0
3  65528 1 0 
0 65528 1 0 
1  65605 1 0
2  65681 1 0 
3  65835 2 66143
0 65835 1 0
1  65989 1 0 
0 66143 1 0 
2  66143 1 0 
1  66297 1 0 
0 66374 1 0
3  66451 1 0 
2  66451 1 0
1  66605 1 0 
2  66681 1 0
0 66758 1 0 
3  66758 1 0 
1  66835 1 0
2  66912 1 0 
1  67066 1 0 
0 67066 2 67374
3  67220 1 0 
2  67374 1 0 
1  67374 2 67681
3  67528 1 0 
2  67681 1 0 
0 67681 2 67835
3  67835 1 0 
1  67835 1 0 
1  67989 1 0 
3  67989 1 0 
3  68143 1 0 
1  68143 1 0 
2  68297 2 68912
0 68297 1 0 
3  68451 1 0 
1  68528 1 0 
3  68605 1 0 
0 68758 1 0
3  68912 2 69528
1  68912 1 0
1  69066 1 0 
2  69220 1 0 
2  69374 1 0 
0 69528 1 0 
1  69528 1 0 
2  69681 1 0 
3  69835 1 0 
0 69835 1 0
1  69989 1 0 
2  70143 1 0 
3  70143 1 0
0 70297 1 0 
3  70451 1 0 
2  70451 1 0
1  70605 1 0 
0 70758 1 0 
3  70758 1 0
3  70912 1 0 
2  70912 1 0
1  71066 1 0 
2  71066 1 0
1  71220 1 0 
0 71220 1 0
3  71374 1 0 
2  71374 1 0
0 71681 1 0
3  71681 2 71989
1  71989 1 0 
2  71989 1 0 
0 72143 1 0 
1  72297 1 0 
2  72297 1 0 
3  72451 1 0 
0 72605 1 0 
1  72605 1 0
2  72758 1 0 
1  72912 1 0 
3  72912 1 0 
0 73066 1 0 
3  73220 1 0 
2  73220 2 73374
1  73374 1 0 
2  73528 1 0 
0 73528 2 73681
1  73681 1 0 
2  73835 1 0 
3  73835 2 74143
0 73989 1 0 
1  74143 1 0 
2  74143 1 0 
3  74297 1 0 
2  74374 1 0
1  74451 1 0 
0 74451 1 0
3  74605 1 0
0 74681 1 0 
1  74681 1 0
2  74758 1 0
0 74912 1 0 
3  74912 1 0
2  75066 1 0 
1  75066 1 0
0 75220 1 0
3  75297 1 0 
2  75297 1 0
1  75374 1 0
0 75528 1 0 
3  75528 1 0
2  75605 1 0
1  75681 1 0 
3  75681 1 0
0 75835 1 0
2  75912 1 0 
1  75912 1 0
3  75989 1 0
1  76143 1 0 
0 76143 1 0
2  76297 1 0 
3  76297 1 0
1  76451 1 0
0 76528 1 0 
3  76528 1 0
2  76605 1 0
0 76758 2 76912
3  76758 1 0
2  76912 1 0 
1  76912 1 0
3  77066 1 0 
1  77066 1 0
0 77220 1 0 
2  77220 1 0
0 77374 1 0 
3  77374 1 0
3  77528 1 0 
2  77528 1 0
1  77605 1 0 
0 77681 1 0 
2  77758 1 0 
0 77835 1 0 
1  77835 1 0
3  77989 2 78143
2  77989 2 78143
1  78143 1 0 
0 78143 1 0
3  78297 1 0
0 78451 1 0 
2  78528 1 0 
1  78605 1 0 
2  78681 1 0 
0 78758 1 0 
3  78912 1 0
2  79066 1 0
1  79066 2 79374
3  79374 1 0 
0 79374 1 0 
2  79605 1 0
0 79835 1 0
0 80066 1 0
3  80297 1 0 
2  80451 1 0 
1  80605 1 0 
0 80605 1 0 
1  80835 1 0 
2  80835 1 0
2  81066 1 0 
3  81066 1 0
0 81220 1 0 
1  81220 1 0
3  81374 1 0 
1  81451 1 0 
2  81528 1 0 
0 81681 1 0 
1  81835 1 0 
2  81835 1 0 
3  81835 1 0 
0 82066 1 0
2  82297 1 0
1  82528 1 0
3  82758 1 0 
2  82912 1 0 
0 83066 1 0 
1  83066 1 0 
1  83297 1 0 
2  83297 1 0
2  83528 1 0 
3  83528 1 0
0 83681 1 0 
1  83681 1 0
3  83835 2 83989
2  83989 1 0 
1  83989 1 0
0 84143 2 84297
2  84297 1 0 
3  84297 1 0 
1  84528 1 0 
3  84528 1 0 
2  84758 1 0 
0 84758 1 0 
0 84989 1 0 
3  84989 1 0 
2  85220 1 0 
3  85220 1 0 
2  85374 1 0 
1  85374 1 0 
1  85528 1 0 
0 85528 1 0 
2  85758 1 0 
3  85758 1 0 
2  85989 1 0 
0 85989 1 0 
1  86220 1 0 
3  86220 1 0 
2  86451 1 0 
3  86451 1 0 
0 86605 1 0 
1  86605 1 0 
2  86758 1 0 
3  86758 1 0 
2  86989 1 0 
1  86989 1 0 
3  87220 1 0 
0 87220 1 0 
1  87451 1 0 
3  87451 1 0 
2  87681 1 0 
0 87681 1 0 
1  87835 1 0 
3  87835 1 0 
2  87989 1 0 
3  87989 1 0 
0 88143 1 0 
1  88220 1 0 
2  88297 1 0 
1  88374 1 0 
0 88451 1 0 
3  88528 1 0 
2  88605 1 0 
1  88681 1 0 
3  88758 1 0 
2  88835 1 0 
0 88912 2 89220
1  88912 2 89220
2  89220 1 0 
3  89220 1 0 
1  89374 1 0 
3  89451 1 0
2  89528 1 0 
0 89528 1 0 
3  89681 1 0 
0 89835 1 0 
1  89835 1 0
3  89912 1 0
2  89989 1 0 
0 90143 1 0 
3  90143 1 0 
1  90297 1 0 
0 90451 1 0 
2  90451 1 0
3  90605 1 0 
1  90681 1 0
2  90758 1 0 
3  90758 1 0 
0 90912 1 0 
2  91066 1 0 
3  91066 1 0
0 91143 1 0
1  91220 1 0 
3  91374 1 0 
0 91374 2 91681
2  91528 1 0 
1  91681 1 0 
3  91681 1 0
0 91835 1 0 
1  91912 1 0
2  91989 1 0 
3  91989 1 0 
0 92143 1 0 
2  92297 1 0 
3  92297 1 0
0 92374 1 0
2  92451 1 0 
1  92605 1 0 
3  92605 1 0 
0 92758 1 0 
3  92912 1 0 
2  92912 1 0
1  92989 1 0
2  93066 1 0 
3  93220 1 0 
0 93220 1 0 
1  93297 1 0
2  93374 1 0 
0 93528 1 0 
3  93528 1 0
1  93681 1 0 
2  93681 1 0 
3  93835 1 0 
0 93835 2 94143
1  93989 1 0 
2  94143 1 0 
3  94143 1 0 
0 94297 1 0 
1  94374 1 0
2  94451 1 0 
3  94451 1 0 
0 94605 1 0 
2  94758 1 0 
3  94758 1 0
0 94835 1 0
1  94912 1 0 
0 95066 1 0 
3  95066 1 0 
2  95220 1 0 
3  95374 1 0 
1  95374 1 0
0 95528 1 0 
1  95605 1 0
2  95681 1 0 
3  95681 1 0 
0 95835 1 0 
0 95989 1 0 
1  95989 1 0
3  96066 1 0
2  96143 1 0 
1  96297 1 0 
3  96297 2 96605
2  96451 1 0 
1  96605 1 0 
0 96605 1 0
3  96758 1 0 
1  96835 1 0
2  96912 1 0 
3  96912 1 0 
0 97066 1 0 
2  97220 1 0 
3  97220 1 0
0 97297 1 0
1  97374 1 0 
0 97528 1 0 
3  97528 1 0 
2  97681 1 0 
1  97835 1 0 
3  97835 1 0
0 97989 1 0 
1  98066 1 0 
2  98143 1 0 
3  98143 1 0
1  98297 1 0 
2  98374 1 0 
3  98451 1 0 
0 98451 1 0 
1  98605 1 0 
0 98681 1 0 
2  98758 2 99066
3  98758 2 99066
1  99066 1 0 
0 99066 1 0 
2  99220 1 0 
1  99297 1 0
2  99374 1 0 
3  99374 1 0 
0 99528 1 0 
2  99681 1 0 
3  99681 1 0
0 99758 1 0
1  99835 1 0 
0 99989 1 0 
3  99989 1 0 
2  100143 1 0 
3  100297 1 0 
0 100297 1 0
1  100451 1 0 
0 100528 1 0
2  100605 1 0 
3  100605 1 0 
1  100758 1 0 
0 100912 1 0 
3  100912 1 0
2  100989 1 0
1  101066 1 0 
2  101220 1 0 
3  101220 1 0 
0 101374 1 0 
1  101374 1 0 
2  101528 1 0 
3  101528 1 0
0 101681 1 0 
1  101758 1 0
2  101835 1 0 
0 101835 1 0 
3  101989 1 0 
1  102143 1 0 
0 102143 1 0
3  102220 1 0
2  102297 1 0 
0 102451 1 0 
3  102451 1 0 
1  102605 1 0 
2  102758 1 0 
3  102758 1 0
0 102912 1 0 
2  103066 1 0 
3  103066 1 0 
0 103143 1 0
1  103220 1 0 
0 103374 1 0 
3  103374 1 0
2  103528 1 0 
1  103528 1 0 
0 103681 1 0 
3  103681 2 103989
2  103835 1 0 
1  103989 1 0 
0 103989 2 105835
3  104143 1 0 
1  104220 1 0
2  104297 1 0 
3  104297 1 0 
1  104451 1 0 
2  104605 1 0 
3  104605 1 0
1  104681 1 0
2  104758 1 0 
1  104912 1 0 
3  104912 1 0 
2  105066 1 0 
3  105220 1 0 
1  105220 1 0 
2  105374 1 0 
1  105451 1 0
2  105528 1 0 
3  105528 1 0 
1  105681 1 0 
2  105835 1 0 
3  105835 1 0 
3  105989 1 0 
0 106143 1 0 
1  106143 1 0 
2  106220 1 0
3  106297 1 0 
1  106374 1 0
2  106451 1 0 
3  106451 1 0 
0 106605 1 0 
1  106605 1 0 
2  106758 1 0 
3  106758 1 0 
0 106912 1 0 
3  106912 1 0 
2  107066 1 0 
1  107066 1 0 
0 107220 1 0 
3  107220 1 0 
2  107297 1 0 
1  107374 1 0 
0 107374 1 0 
3  107528 1 0 
2  107528 1 0 
1  107681 1 0 
0 107681 1 0 
3  107835 2 107989
2  107835 2 107989
0 107989 1 0 
1  108066 1 0
0 108143 1 0 
1  108220 1 0
3  108297 1 0 
2  108374 1 0
3  108451 1 0 
2  108528 1 0
0 108605 2 108912
1  108605 1 0
3  108681 1 0 
2  108758 1 0 
1  108835 1 0 
2  108912 1 0 
3  108912 1 0 
1  109143 1 0 
3  109143 1 0 
2  109374 1 0 
0 109374 1 0 
0 109605 1 0 
3  109605 1 0 
2  109835 1 0 
1  109835 1 0 
0 109989 1 0 
2  110143 1 0 
3  110143 1 0 
3  110374 1 0 
1  110374 1 0 
2  110605 1 0 
0 110605 1 0 
3  110835 1 0 
0 110835 1 0 
2  110912 1 0 
1  110989 1 0 
3  111066 1 0 
0 111066 1 0 
2  111220 1 0 
1  111374 1 0 
0 111374 1 0 
3  111605 1 0 
2  111605 1 0 
0 111835 1 0 
1  111835 1 0 
3  111989 1 0
2  112066 1 0 
0 112066 1 0 
1  112143 1 0 
0 112220 1 0 
2  112297 1 0 
3  112297 1 0 
1  112451 1 0 
2  112605 1 0 
0 112605 1 0 
3  112758 1 0
0 113066 1 0 
1  113066 1 0
2  113143 1 0 
3  113143 1 0
0 113220 2 113835
