0 605 0 0
3 605 1 0 
1 758 1 0 
2 912 1 0 
1 1066 1 0 
0 1220 1 0 
3 1374 1 0 
2 1528 1 0 
1 1681 1 0 
2 1758 1 0 
0 1835 1 0 
3 1835 2 2143 
2 2143 2 2451 
1 2451 2 2758 
0 2758 2 3066 
3 3066 1 0 
2 3066 1 0 
1 3220 1 0 
3 3374 1 0 
2 3528 1 0 
0 3681 1 0 
1 3835 1 0 
3 3989 1 0 
2 4143 1 0 
0 4297 1 0 
1 4297 2 4605 
2 4605 2 4912 
3 4912 2 5220 
0 5374 1 0 
1 5451 1 0 
2 5528 1 0  
3 5528 1 0 
1 5681 1 0 
0 5835 1 0  
3 5835 1 0 
2 5989 1 0 
1 6143 1 0  
0 6143 1 0 
3 6297 1 0 
2 6451 1 0 
1 6605 1 0 
2 6681 1 0 
3 6758 1 0 
0 6758 1 0 
2 6912 1 0 
0 7066 1 0  
1 7066 1 0 
2 7220 1 0 
3 7374 1 0  
0 7374 1 0 
0 7681 1 0  
1 7733 1 0  
3 7784 1 0  
2 7835 1 0  
0 7887 1 0  
1 7938 1 0  
2 7989 1 0  
3 7989 1 0  
1 8143 1 0 
0 8297 1 0  
3 8297 1 0 
2 8451 1 0 
1 8605 1 0  
0 8605 1 0 
3 8758 1 0 
2 8912 1 0 
1 9066 1 0 
3 9220 1 0 
0 9220 2 9528 
1 9374 2 9528 
3 9528 2 9835  
2 9681 2 9835 
0 9835 2 10143  
2 10143 2 10297 
3 10143 2 10297 
0 10451 1 0  
2 10451 1 0  
3 10451 1 0 
1 10681 1 0 
3 10912 1 0 
2 11143 1 0 
1 11374 1 0 
2 11528 1 0 
3 11681 1 0 
0 11681 1 0 
2 11912 1 0 
0 12143 1 0 
1 12374 1 0 
2 12605 1 0 
1 12758 1 0 
0 12912 1 0 
3 12912 1 0 
1 13143 1 0 
3 13374 1 0 
2 13605 1 0 
1 13835 1 0 
2 13989 1 0 
3 14143 1 0 
0 14143 1 0 
2 14374 1 0 
0 14605 1 0 
1 14835 1 0 
2 15066 1 0 
1 15220 1 0 
0 15374 1 0  
3 15374 1 0  
1 15605 1 0  
3 15605 1 0  
0 15835 1 0  
2 15835 1 0  
3 16066 1 0  
0 16066 1 0  
1 16297 1 0  
0 16297 1 0  
2 16451 1 0  
3 16451 1 0  
0 16605 1 0  
1 16605 1 0  
1 16835 1 0  
3 16835 1 0  
2 17066 1 0  
3 17066 1 0  
1 17297 1 0  
3 17297 1 0  
0 17528 1 0  
1 17528 1 0  
1 17681 1 0  
2 17681 1 0  
3 17835 1 0  
2 17835 1 0  
0 18066 1 0  
2 18066 1 0  
2 18297 1 0  
1 18297 1 0  
1 18528 1 0  
3 18528 1 0  
0 18758 1 0  
1 18758 1 0  
1 18912 1 0  
2 18912 1 0  
3 19066 1 0  
0 19066 1 0  
2 19066 1 0  
0 19220 1 0  
3 19297 1 0  
0 19374 1 0  
2 19451 1 0  
0 19528 1 0  
1 19605 1 0  
2 19681 1 0  
3 19758 1 0  
2 19835 1 0  
1 19912 1 0  
3 19989 2 20220  
0 19989 2 20220  
0 20297 1 0  
3 20297 1 0  
2 20297 1 0 
2 20451 1 0  
1 20528 1 0 
0 20605 1 0  
3 20605 1 0  
1 20758 1 0  
2 20912 1 0  
3 20912 1 0 
1 20989 1 0 
0 21066 1 0  
1 21220 1 0  
3 21220 1 0  
2 21374 1 0  
0 21528 1 0  
3 21528 1 0 
3 21681 1 0  
2 21758 1 0 
1 21835 1 0  
0 21835 1 0  
2 21989 1 0  
3 22143 1 0  
0 22143 1 0 
2 22220 1 0 
1 22297 1 0  
2 22451 1 0  
3 22451 1 0  
1 22605 1 0  
0 22758 1 0  
3 22758 1 0 
1 22912 1 0  
2 22989 1 0 
3 23066 1 0  
0 23066 1 0  
1 23220 1 0  
0 23374 1 0  
3 23374 1 0 
2 23451 1 0 
1 23528 1 0  
2 23681 1 0  
3 23681 1 0  
1 23835 1 0  
0 23989 1 0  
3 23989 1 0 
0 24143 2 24297  
3 24297 1 0  
2 24297 1 0  
1 24374 2 24528 
2 24605 2 24758  
3 24605 1 0 
0 24758 1 0  
1 24835 2 24989 
2 24912 1 0  
3 24912 1 0  
0 25066 2 25220  
1 25220 1 0  
3 25220 1 0  
2 25374 1 0  
1 25451 1 0 
0 25528 1 0  
3 25528 1 0  
1 25681 1 0  
2 25835 1 0  
3 25835 1 0 
1 25912 1 0 
0 25989 1 0  
1 26143 1 0  
3 26143 1 0  
2 26297 1 0  
0 26451 1 0  
3 26451 1 0 
3 26605 1 0  
2 26681 1 0 
0 26758 1 0  
1 26758 1 0  
2 26912 1 0  
3 27066 1 0  
0 27066 1 0 
2 27143 1 0 
1 27220 1 0  
3 27374 1 0  
0 27374 1 0  
1 27528 1 0  
0 27681 1 0  
3 27681 1 0  
0 27835 2 27989  
3 27989 1 0  
2 27989 1 0  
1 28066 2 28220 
2 28297 2 28451  
3 28297 1 0  
0 28451 1 0  
1 28528 2 28681  
2 28605 1 0  
3 28605 1 0  
0 28758 2 28912  
1 28912 1 0  
3 28912 1 0 
1 29066 1 0  
0 29117 1 0  
3 29169 1 0  
2 29220 1 0  
2 29374 1 0  
0 29528 1 0  
1 29605 1 0  
2 29681 1 0  
1 29758 1 0 
0 29835 2 30066 
0 30143 1 0  
1 30143 1 0  
3 30143 1 0  
1 30297 1 0  
3 30451 1 0  
0 30451 1 0  
2 30605 1 0  
0 30758 1 0  
1 30758 1 0 
2 30912 1 0  
1 30989 1 0 
3 31066 1 0  
0 31066 1 0  
1 31220 1 0  
2 31374 1 0  
3 31374 1 0 
2 31528 1 0  
0 31681 1 0  
1 31681 1 0  
3 31835 1 0  
2 31989 1 0  
0 31989 1 0 
1 32143 1 0  
2 32220 1 0 
0 32297 1 0  
3 32297 1 0  
2 32451 1 0  
1 32605 1 0  
0 32605 1 0 
2 32758 1 0  
0 32912 1 0  
3 32912 1 0  
1 33066 1 0  
2 33220 1 0  
3 33220 1 0 
3 33374 1 0  
2 33451 1 0 
1 33528 1 0  
0 33528 1 0  
2 33681 1 0  
3 33835 1 0  
0 33835 2 33989 
3 33989 2 34143  
1 34143 2 34297  
0 34143 1 0  
2 34297 2 34451  
0 34451 2 34605  
3 34451 1 0 
3 34605 2 34758  
1 34758 2 35066  
0 34758 2 35066  
3 35066 1 0  
2 35066 1 0 
2 35220 1 0  
1 35297 1 0 
0 35374 1 0  
3 35374 1 0  
1 35528 1 0  
2 35681 1 0  
0 35681 1 0 
3 35835 1 0  
1 35989 1 0  
0 35989 1 0  
2 36143 1 0  
3 36297 1 0  
0 36297 1 0 
1 36451 2 36605  
2 36605 2 36758  
3 36605 1 0  
0 36758 2 36912  
3 36912 2 37066  
2 36912 1 0 
1 37066 2 37220  
2 37220 2 37374  
3 37220 1 0  
0 37374 2 37528  
3 37528 2 37989  
2 37528 1 0 
0 37681 1 0  
2 37835 1 0  
1 37835 1 0  
0 37989 1 0  
1 38066 1 0 
2 38143 1 0  
3 38143 1 0 
1 38297 1 0  
0 38451 1 0  
3 38451 1 0  
2 38605 1 0  
1 38758 1 0  
0 38758 1 0 
0 38912 1 0  
3 39066 1 0  
2 39066 1 0  
3 39220 1 0  
0 39374 1 0  
1 39374 1 0 
1 39528 1 0  
0 39528 1 0 
3 39681 1 0  
0 39681 1 0  
2 39758 1 0  
1 39835 1 0  
2 39912 1 0  
0 39989 1 0  
3 39989 1 0  
0 40143 1 0  
1 40220 1 0 
2 40297 1 0  
3 40297 1 0  
2 40451 1 0  
0 40605 1 0  
3 40605 1 0 
1 40681 1 0 
2 40758 1 0  
1 40835 1 0 
0 40912 1 0  
3 40912 2 41220  
0 41066 1 0  
1 41220 1 0  
2 41220 1 0 
0 41374 1 0  
2 41528 1 0  
1 41528 1 0  
0 41681 2 41835  
2 41835 1 0  
3 41835 1 0 
2 41989 1 0  
1 42066 1 0 
3 42143 1 0  
0 42143 2 42451  
3 42297 1 0  
1 42451 1 0  
2 42451 1 0 
3 42605 2 42758  
1 42758 1 0  
0 42758 1 0  
2 42912 1 0  
3 43066 2 43220  
0 43066 1 0 
1 43220 1 0  
2 43297 2 43451 
3 43374 1 0  
0 43374 1 0  
1 43528 2 43681  
0 43681 1 0  
3 43681 1 0 
2 43835 1 0  
3 43835 1 0 
1 43989 1 0  
2 43989 1 0 
0 44143 1 0  
1 44143 1 0 
0 44297 1 0  
3 44297 1 0 
2 44374 1 0  
1 44451 1 0  
2 44528 1 0  
0 44605 1 0  
3 44605 1 0 
0 44758 1 0  
1 44797 1 0  
2 44835 1 0  
3 44874 1 0  
0 44912 1 0  
1 44912 1 0  
3 45143 1 0  
1 45143 1 0  
1 45374 1 0  
2 45374 1 0  
2 45605 1 0  
0 45605 1 0  
3 45835 1 0  
2 45835 1 0  
1 45989 1 0  
2 45989 1 0  
1 46143 1 0  
0 46143 1 0  
1 46374 1 0  
3 46374 1 0  
2 46605 1 0  
1 46605 1 0  
0 46835 1 0  
2 46835 1 0  
3 46912 1 0  
1 46989 1 0  
2 47066 1 0  
3 47066 1 0  
1 47220 1 0  
2 47220 1 0 
1 47374 1 0  
0 47374 1 0  
1 47681 1 0  
0 47681 1 0  
2 47758 1 0  
3 47758 1 0 
1 47912 1 0  
2 47912 1 0 
1 48066 1 0  
0 48066 1 0 
2 48143 1 0  
1 48220 1 0  
2 48297 1 0  
3 48297 1 0  
0 48605 1 0  
3 48605 1 0  
1 48681 1 0 
2 48758 1 0 
3 48835 1 0 
0 48912 1 0 
1 48989 1 0 
2 49066 1 0 
3 49143 1 0 
0 49220 1 0 
1 49297 1 0 
2 49374 1 0 
3 49451 1 0 
0 49528 1 0 
1 49605 1 0 
2 49681 1 0 
3 49758 1 0 
0 49835 1 0  
1 49835 1 0  
1 49989 1 0 
3 50143 1 0  
2 50143 1 0 
2 50297 1 0 
0 50451 1 0  
1 50451 1 0 
0 50605 1 0 
3 50758 1 0  
2 50758 1 0 
3 50912 1 0 
2 50989 1 0 
1 51066 2 51374  
0 51066 1 0 
0 51220 1 0 
3 51374 2 51681  
2 51374 1 0 
1 51528 1 0 
0 51681 2 51989  
2 51681 1 0 
1 51835 1 0 
2 51989 2 52297  
3 51989 1 0 
3 52143 1 0  
1 52297 1 0  
0 52297 1 0 
2 52451 1 0 
0 52605 1 0  
3 52605 1 0 
1 52758 1 0 
2 52912 1 0  
3 52912 1 0 
0 53066 1 0 
1 53220 1 0  
3 53220 1 0 
2 53374 1 0 
3 53528 1 0  
0 53528 2 53835 
2 53681 1 0 
1 53835 2 54143  
3 53835 1 0 
2 53989 1 0 
2 54143 2 54451  
3 54143 1 0 
0 54297 1 0  
3 54451 1 0  
0 54605 1 0  
1 54681 1 0 
3 54758 1 0  
2 54758 1 0  
1 54912 1 0  
0 54912 1 0 
2 55066 1 0  
3 55066 1 0 
1 55220 1 0  
0 55220 1 0 
2 55374 1 0  
3 55374 1 0 
1 55528 1 0  
0 55528 1 0 
2 55681 1 0  
3 55681 1 0 
1 55835 1 0  
0 55835 1 0 
2 55912 1 0 
3 55989 1 0  
0 55989 1 0  
1 56143 1 0  
2 56143 1 0 
0 56297 1 0  
3 56297 1 0 
1 56451 1 0  
2 56451 1 0 
0 56605 1 0  
3 56605 1 0 
1 56758 1 0  
2 56758 1 0 
0 56912 1 0  
3 56912 1 0 
1 56989 1 0  
2 57066 1 0  
3 57066 1 0 
1 57143 1 0  
0 57220 1 0  
3 57220 1 0  
2 57297 1 0  
1 57374 1 0  
0 57374 1 0 
2 57451 1 0  
0 57528 1 0  
3 57528 1 0 
1 57605 1 0  
2 57681 1 0  
3 57681 1 0 
1 57758 1 0  
3 57835 1 0  
0 57835 1 0  
2 57912 1 0  
1 57989 1 0  
0 57989 1 0 
3 58066 1 0  
0 58143 1 0  
2 58143 1 0 
1 58220 1 0  
3 58297 1 0  
0 58297 1 0 
2 58374 1 0  
1 58451 1 0  
0 58451 2 58758  
1 58605 2 58758 
3 58758 2 59066 
2 58912 2 59066 
0 59066 2 59605 
3 59374 2 59605  
3 59681 1 0  
1 59681 1 0  
0 59681 1 0 
1 59835 1 0  
2 59912 1 0 
3 59989 1 0  
0 59989 1 0  
0 60143 1 0  
1 60220 1 0 
2 60297 1 0  
3 60297 1 0 
2 60451 1 0  
1 60528 1 0 
0 60605 1 0  
3 60605 1 0  
2 60681 1 0 
1 60758 1 0  
2 60835 1 0 
3 60912 1 0  
0 60912 1 0 
1 61066 1 0  
2 61143 1 0 
1 61220 1 0  
0 61220 1 0  
3 61297 1 0 
2 61374 1 0  
1 61451 1 0 
0 61528 1 0  
3 61528 1 0 
3 61681 1 0  
2 61758 1 0 
1 61835 1 0  
0 61835 1 0  
2 61912 1 0 
0 61989 1 0  
3 61989 2 62143 
1 62066 1 0 
2 62143 1 0  
0 62297 2 62451  
2 62451 1 0  
3 62451 1 0  
1 62605 2 62758  
2 62758 1 0  
0 62912 2 63066  
2 63066 1 0  
3 63066 1 0  
1 63220 2 63374  
2 63374 1 0  
0 63528 2 63681  
2 63681 1 0  
3 63681 1 0  
1 63835 2 63989  
2 63989 1 0  
0 64143 2 64451  
3 64297 2 64451  
2 64297 1 0  
0 64605 1 0  
3 64605 1 0 
2 64758 1 0  
1 64835 1 0 
3 64912 1 0  
0 64912 1 0  
3 65066 1 0  
2 65143 1 0 
1 65220 1 0  
0 65220 1 0 
2 65374 1 0  
1 65451 1 0 
0 65528 1 0  
3 65528 1 0  
2 65605 1 0 
1 65681 1 0  
2 65758 1 0 
3 65835 1 0  
0 65835 1 0 
3 65989 1 0  
2 66066 1 0 
1 66143 1 0  
0 66143 1 0  
3 66220 1 0 
2 66297 1 0  
1 66374 1 0 
0 66451 1 0  
3 66451 1 0 
0 66605 1 0  
1 66681 1 0 
2 66758 1 0  
3 66758 1 0  
1 66835 1 0 
0 66912 2 67066  
1 67066 1 0  
3 67066 1 0 
3 67220 2 67374  
1 67374 1 0  
0 67374 1 0  
3 67528 2 67681  
1 67681 1 0  
0 67681 1 0 
3 67835 2 67989  
2 67835 1 0  
1 67989 1 0  
0 67989 1 0  
3 68143 2 68297  
2 68143 1 0  
1 68297 1 0  
0 68297 1 0  
2 68451 1 0  
1 68528 1 0  
3 68605 1 0  
0 68605 1 0 
3 68912 2 69220  
2 69066 2 69220  
0 69220 2 69528  
1 69374 2 69528  
2 69528 1 0  
3 69528 2 69681  
0 69681 2 69835  
2 69835 1 0  
3 69835 2 69989 
1 69989 2 70143  
2 70143 1 0  
3 70143 2 70297 
0 70297 2 70451  
2 70451 1 0  
3 70451 2 70605 
1 70605 2 70758  
3 70758 1 0  
0 70758 1 0 
1 70912 1 0  
0 70912 1 0 
1 71066 1 0  
2 71066 1 0 
2 71220 1 0  
3 71220 1 0 
3 71374 1 0  
0 71374 1 0 
0 71681 2 71912 
3 71681 2 71912 
0 71989 1 0  
2 71989 1 0  
3 71989 1 0 
0 72143 2 72297  
2 72297 1 0  
3 72297 1 0  
1 72451 2 72605  
3 72605 1 0  
0 72758 2 72912  
2 72912 1 0  
3 72912 1 0  
1 73066 2 73220  
3 73220 1 0  
0 73374 2 73528  
2 73528 1 0  
3 73528 1 0  
1 73681 2 73835  
3 73835 1 0  
0 73989 2 74297  
3 74143 2 74297  
2 74143 1 0  
3 74451 1 0  
2 74451 1 0 
0 74528 1 0 
1 74605 1 0 
3 74681 1 0  
2 74681 1 0 
0 74758 1 0 
1 74758 1 0 
3 74835 1 0 
0 74912 1 0  
2 74912 1 0 
1 74989 1 0 
2 75066 1 0  
3 75066 1 0 
0 75143 1 0 
3 75220 1 0 
1 75297 1 0  
0 75297 1 0 
2 75374 1 0 
3 75374 1 0 
0 75451 1 0 
1 75528 1 0  
3 75528 1 0 
2 75605 1 0 
3 75681 1 0  
0 75681 1 0 
1 75758 1 0 
0 75835 1 0 
1 75912 1 0  
3 75912 1 0 
2 75989 1 0 
0 75989 1 0 
3 76066 1 0 
1 76143 1 0  
0 76143 1 0 
2 76220 1 0 
3 76297 1 0  
0 76297 1 0 
1 76374 1 0 
2 76451 1 0 
1 76528 1 0  
0 76528 1 0 
2 76605 1 0 
3 76605 1 0 
0 76681 1 0 
1 76758 1 0  
3 76758 1 0 
2 76835 1 0 
3 76912 1 0  
0 76912 1 0 
1 76989 1 0 
2 77066 1 0  
3 77066 1 0 
0 77143 1 0 
1 77220 1 0  
3 77220 1 0 
2 77297 1 0 
3 77374 1 0  
0 77374 1 0 
1 77451 1 0 
2 77528 1 0  
3 77528 1 0 
1 77605 1 0  
0 77605 1 0 
2 77681 1 0  
3 77681 1 0 
1 77758 1 0  
0 77758 1 0 
2 77835 1 0  
3 77835 1 0 
0 77912 1 0 
1 77989 1 0 
2 78066 1 0 
3 78143 1 0  
0 78143 2 78451 
1 78297 2 78451 
3 78451 2 78758  
2 78605 2 78758  
0 78758 2 79297  
3 79066 2 79297 
2 79374 1 0  
3 79374 1 0  
0 79374 2 79528  
1 79605 2 79758 
3 79835 2 79989 
2 80066 2 80220 
0 80297 1 0  
1 80374 1 0  
0 80451 1 0  
1 80528 1 0  
0 80605 1 0  
3 80605 1 0  
2 80835 1 0  
0 80835 1 0 
1 81066 1 0  
0 81066 1 0 
2 81220 1 0  
3 81220 1 0 
0 81374 1 0  
1 81451 1 0  
2 81528 1 0  
3 81528 1 0 
2 81681 1 0  
1 81681 1 0 
0 81835 1 0  
1 81835 1 0  
3 81835 2 81989  
2 82066 2 82220 
0 82297 2 82451 
1 82528 2 82681 
3 82758 1 0  
2 82835 1 0  
3 82912 1 0  
2 82989 1 0  
3 83066 1 0  
0 83066 1 0  
3 83297 1 0  
1 83297 1 0 
2 83528 1 0  
3 83528 1 0 
1 83681 1 0  
0 83681 1 0 
3 83835 1 0  
2 83874 1 0  
1 83912 1 0  
0 83951 1 0  
2 83989 1 0  
3 83989 1 0 
0 84143 1 0  
1 84181 1 0  
2 84220 1 0  
3 84258 1 0  
1 84297 1 0  
0 84297 1 0  
1 84528 1 0  
3 84528 1 0  
2 84758 1 0  
3 84758 1 0  
2 84989 1 0  
0 84989 1 0  
0 85220 1 0  
3 85220 1 0  
2 85374 1 0  
1 85374 1 0  
0 85528 1 0  
3 85528 1 0  
3 85758 1 0  
1 85758 1 0  
2 85989 1 0  
0 85989 1 0  
0 86220 1 0  
3 86220 1 0  
0 86451 1 0  
1 86451 1 0  
3 86605 1 0  
2 86605 1 0  
1 86758 1 0  
0 86758 1 0  
0 86989 1 0  
2 86989 1 0  
2 87220 1 0  
3 87220 1 0  
1 87451 1 0  
3 87451 1 0  
1 87681 1 0  
0 87681 1 0  
1 87835 1 0  
2 87835 1 0  
2 87989 1 0  
3 87989 1 0  
0 87989 1 0  
0 88143 1 0  
3 88220 1 0  
0 88297 1 0  
2 88374 1 0  
0 88451 1 0  
1 88528 1 0  
2 88605 1 0  
3 88681 1 0  
2 88758 1 0  
1 88835 1 0  
3 88912 2 89143  
0 88912 2 89143  
0 89220 1 0  
2 89220 1 0  
3 89220 1 0 
1 89374 1 0  
2 89451 1 0 
0 89528 1 0  
3 89528 1 0  
1 89605 1 0 
2 89681 1 0  
1 89835 1 0  
0 89835 1 0 
2 89912 1 0 
3 89989 1 0  
0 90143 1 0  
2 90143 1 0  
1 90297 1 0  
2 90374 1 0 
3 90451 1 0  
0 90451 1 0 
0 90605 1 0  
1 90681 1 0 
2 90758 1 0  
3 90758 1 0  
1 90912 1 0  
2 90989 1 0 
3 91066 1 0  
0 91066 1 0 
1 91143 1 0 
2 91220 1 0  
1 91297 1 0 
3 91374 1 0  
0 91374 1 0  
2 91451 1 0 
0 91528 1 0  
1 91605 1 0 
2 91681 1 0  
3 91681 1 0 
2 91835 1 0  
1 91912 1 0 
0 91989 1 0  
3 91989 1 0  
2 92066 1 0 
1 92143 1 0  
2 92220 1 0 
0 92297 1 0  
3 92297 1 0 
1 92374 1 0 
2 92451 1 0  
0 92605 1 0  
1 92605 1 0  
2 92758 1 0  
3 92912 1 0  
0 92912 1 0 
0 93066 2 93220  
2 93220 1 0  
3 93220 1 0  
1 93297 2 93451 
2 93528 2 93681  
3 93528 1 0 
0 93681 1 0  
1 93758 2 93912 
2 93835 1 0  
3 93835 1 0  
0 93989 2 94143  
1 94143 1 0  
3 94143 1 0  
2 94297 1 0  
1 94374 1 0 
0 94451 1 0  
3 94451 1 0  
2 94528 1 0 
1 94605 1 0  
2 94758 1 0  
3 94758 1 0 
1 94835 1 0 
0 94912 1 0  
1 95066 1 0  
3 95066 1 0  
2 95220 1 0  
0 95374 1 0  
3 95374 1 0 
2 95528 1 0  
1 95605 1 0 
3 95681 1 0  
0 95681 1 0  
1 95835 1 0  
2 95912 1 0 
0 95989 1 0  
3 95989 1 0 
1 96066 1 0 
2 96143 1 0  
0 96297 1 0  
2 96297 1 0  
1 96451 1 0  
2 96528 1 0 
3 96605 1 0  
0 96605 1 0 
1 96758 1 0  
2 96835 1 0 
0 96912 1 0  
3 96912 1 0  
2 96989 1 0 
1 97066 1 0  
3 97220 1 0  
0 97220 1 0 
1 97297 1 0 
2 97374 1 0  
0 97528 1 0  
1 97528 1 0  
2 97681 1 0  
0 97835 1 0  
3 97835 1 0 
0 97989 1 0  
3 97989 1 0 
2 98066 1 0  
1 98066 1 0 
0 98143 1 0  
3 98143 1 0 
3 98297 1 0  
2 98335 1 0  
1 98374 1 0  
0 98412 1 0  
2 98451 1 0  
3 98451 1 0  
0 98605 1 0  
1 98643 1 0  
2 98681 1 0  
3 98720 1 0  
0 98758 2 98989  
1 98758 2 98989 
1 99066 1 0  
0 99066 1 0  
3 99066 1 0  
1 99220 1 0  
2 99297 1 0 
0 99374 1 0  
3 99374 1 0  
2 99528 1 0  
0 99681 1 0  
1 99681 1 0 
2 99758 1 0 
3 99835 1 0  
0 99989 1 0  
2 99989 1 0  
1 100143 1 0  
0 100297 1 0  
3 100297 1 0 
0 100451 1 0  
1 100528 1 0 
3 100605 1 0  
2 100605 1 0  
1 100758 1 0  
3 100912 1 0  
0 100912 1 0 
1 100989 1 0 
2 101066 1 0  
0 101220 1 0  
1 101220 1 0  
2 101374 1 0  
0 101528 1 0  
3 101528 1 0 
2 101681 1 0  
1 101758 1 0 
3 101835 1 0  
0 101835 1 0  
2 101989 1 0  
0 102143 1 0  
3 102143 1 0 
1 102220 1 0 
2 102297 1 0  
0 102451 1 0  
3 102451 1 0  
2 102605 1 0  
0 102758 1 0  
3 102758 1 0 
2 102835 1 0 
1 102912 2 103066  
3 103066 1 0  
0 103066 1 0  
2 103143 2 103297 
3 103374 2 103528  
0 103374 1 0 
0 103528 1 0  
0 103681 1 0  
3 103681 2 103912  
1 103758 1 0 
2 103835 1 0  
1 103912 1 0 
0 103989 1 0  
3 103989 1 0  
1 104143 1 0  
2 104220 1 0 
0 104297 1 0  
3 104297 1 0  
2 104451 1 0  
0 104605 1 0  
1 104605 1 0 
2 104681 1 0 
3 104758 1 0  
0 104912 1 0  
2 104912 1 0  
1 105066 1 0  
0 105220 1 0  
3 105220 1 0  
0 105374 1 0  
1 105451 1 0 
2 105528 1 0  
3 105528 1 0  
1 105681 1 0  
3 105835 1 0  
0 105835 1 0  
1 105912 1 0 
2 105989 1 0  
3 106143 1 0  
0 106143 1 0  
2 106220 1 0 
1 106297 1 0  
0 106297 1 0  
2 106374 1 0 
0 106451 1 0  
3 106451 1 0  
1 106528 1 0  
3 106605 1 0  
2 106605 1 0  
0 106681 1 0  
1 106758 1 0  
3 106758 1 0  
2 106835 1 0  
0 106912 1 0  
3 106912 1 0  
1 106989 1 0  
2 107066 1 0  
0 107066 1 0  
3 107143 1 0  
1 107220 1 0  
0 107220 1 0  
2 107297 1 0  
3 107297 1 0  
0 107374 1 0  
1 107374 1 0  
2 107451 1 0  
0 107528 1 0  
3 107528 1 0  
1 107605 1 0  
2 107681 1 0  
3 107681 1 0  
0 107681 1 0 
2 107835 2 107989  
3 107835 2 107989 
1 107989 1 0  
0 107989 1 0 
1 108143 1 0  
3 108297 1 0  
2 108374 1 0 
1 108451 1 0  
2 108528 1 0 
3 108605 2 108835  
0 108605 1 0 
1 108681 1 0  
2 108758 1 0  
1 108835 1 0  
0 108912 1 0  
3 108912 1 0  
0 109143 1 0  
2 109143 1 0  
2 109374 1 0  
1 109374 1 0  
1 109605 1 0  
3 109605 1 0  
0 109835 1 0  
1 109835 1 0  
2 109989 1 0  
1 109989 1 0  
2 110143 1 0  
3 110143 1 0  
2 110374 1 0  
0 110374 1 0  
1 110605 1 0  
2 110605 1 0  
1 110835 1 0  
3 110835 1 0  
0 110912 1 0  
2 110989 1 0  
1 111066 2 111297  
0 111066 2 111297  
1 111374 1 0  
3 111374 1 0  
0 111374 1 0 
1 111605 1 0  
2 111605 1 0  
2 111835 1 0  
3 111835 1 0  
0 111835 1 0 
1 112066 1 0  
0 112066 1 0  
3 112143 1 0  
0 112220 1 0  
2 112297 1 0  
3 112297 1 0  
0 112451 1 0  
1 112489 1 0  
2 112528 1 0  
3 112566 1 0  
0 112605 1 0  
1 112605 2 113066  
2 113066 1 0  
1 113143 1 0  
3 113220 2 114451