3 605 1 0 
0 758 1 0 
3 912 1 0 
2 1066 1 0 
1 1220 1 0 
0 1374 1 0 
2 1528 1 0 
1 1681 1 0 
2 1835 1 0 
3 2143 1 0 
0 2451 1 0 
1 2758 1 0 
3 3066 1 0 
1 3220 1 0 
2 3374 1 0 
3 3528 1 0 
1 3681 1 0 
0 3835 1 0 
3 3989 1 0 
2 4143 1 0 
0 4297 1 0 
1 4605 1 0 
3 4912 1 0 
1 5374 1 0 
2 5451 1 0 
3 5528 1 0  
0 5681 1 0 
2 5835 1 0  
1 5989 1 0 
2 6143 1 0  
0 6297 1 0 
3 6451 1 0 
0 6605 1 0 
1 6681 1 0 
2 6758 1 0 
3 6912 1 0 
2 7066 1 0  
1 7220 1 0 
0 7374 2 7681  
3 7681 2 7989  
0 7989 1 0  
1 8143 1 0 
3 8297 1 0  
2 8451 1 0 
0 8605 1 0  
1 8758 1 0 
3 8912 1 0 
1 9066 1 0 
3 9220 2 9374 
0 9374 2 9528 
2 9528 2 9681  
1 9681 2 9835 
3 9835 2 10143  
0 10143 1 0 
3 10451 1 0  
0 10451 1 0  
1 10681 1 0 
2 10912 1 0 
3 11143 1 0 
1 11374 1 0 
2 11528 1 0 
0 11681 1 0 
2 11912 1 0 
1 12143 1 0 
3 12374 1 0 
1 12605 1 0 
2 12758 1 0 
0 12912 1 0 
1 13143 1 0 
2 13374 1 0 
3 13605 1 0 
0 13835 1 0 
1 13989 1 0 
3 14143 1 0 
2 14374 1 0 
1 14605 1 0 
3 14835 1 0 
0 15066 1 0 
1 15220 1 0 
2 15374 1 0  
2 15605 1 0  
2 15835 1 0  
3 16066 1 0  
1 16297 1 0  
2 16451 1 0  
0 16605 1 0  
0 16835 1 0  
0 17066 1 0  
3 17297 1 0  
1 17528 1 0  
2 17681 1 0  
3 17835 1 0  
1 18066 1 0  
0 18297 1 0  
3 18528 1 0  
1 18758 1 0  
2 18912 1 0  
0 19066 1 0  
3 19066 1 0  
2 19989 1 0  
1 19989 1 0
3 20297 1 0  
0 20297 2 22451  
1 20605 1 0  
2 20912 1 0  
1 21220 1 0  
3 21528 1 0  
2 21835 1 0  
1 22143 1 0  
3 22451 2 22758  
2 22451 1 0  
0 22758 1 0  
2 23066 1 0  
1 23374 1 0  
3 23681 1 0  
0 23989 1 0  
3 24143 1 0  
1 24297 1 0  
3 24451 1 0  
0 24605 1 0  
2 24758 1 0  
1 24835 1 0 
2 24912 1 0  
2 25220 1 0  
3 25220 2 27374  
0 25528 1 0  
1 25835 1 0  
2 26143 1 0  
1 26451 1 0  
0 26758 1 0  
2 27066 1 0  
0 27374 2 27681  
1 27374 1 0  
3 27681 1 0  
1 27835 1 0  
2 27989 1 0  
0 28143 1 0  
3 28297 1 0  
1 28451 1 0  
2 28528 1 0  
3 28605 1 0  
0 28758 1 0  
2 28912 1 0  
3 29066 2 29220  
0 29220 1 0  
1 29374 1 0  
2 29528 2 29835  
0 29835 2 30143 
3 30143 1 0  
2 30143 1 0  
1 30297 2 30451  
0 30451 2 30605  
2 30605 2 30758  
3 30758 2 30912  
1 30912 2 31066  
2 31066 2 31220  
0 31220 2 31374  
3 31528 2 31681  
2 31681 2 31835  
0 31835 2 31989  
1 31989 2 32143  
2 32143 2 32297  
3 32297 2 32451  
0 32451 2 32605  
2 32758 2 32912  
1 32912 2 33066  
0 33066 2 33220  
3 33220 2 33374  
1 33374 2 33528  
2 33528 2 33681  
3 33681 2 33835  
0 33989 2 34143  
1 34143 2 34297  
2 34297 2 34451  
0 34451 2 34605  
3 34605 2 34758  
1 34758 2 35066  
2 34912 2 35066  
0 35220 2 35374  
1 35374 2 35528  
3 35528 2 35681  
2 35681 2 35835  
1 35835 2 35989  
0 35989 2 36143  
3 36143 2 36297  
1 36451 2 36605  
2 36605 2 36758  
3 36758 2 36912  
0 36912 2 37066  
1 37066 2 37220  
0 37220 2 37374  
2 37374 2 37528  
3 37528 2 37989  
1 37681 2 37835  
0 37835 2 37989  
1 37989 2 38143  
2 38143 2 38297  
3 38297 2 38451  
1 38451 2 38605  
2 38605 2 38758  
0 38912 2 39066  
3 39066 2 39220  
2 39220 2 39374  
1 39374 2 39528  
3 39528 2 39681  
0 39681 2 39989  
3 39989 1 0  
1 40143 1 0  
2 40297 1 0  
0 40451 1 0  
3 40605 1 0  
2 40758 1 0  
0 40912 2 41220  
3 41220 1 0  
1 41374 1 0  
2 41528 1 0  
0 41681 1 0  
3 41835 1 0  
2 41989 1 0  
0 42143 2 42451  
2 42451 1 0  
3 42605 1 0  
1 42758 1 0  
2 42912 1 0  
0 43066 1 0  
1 43220 1 0  
2 43374 2 43681  
0 43681 1 0  
3 43835 1 0  
1 43989 1 0  
2 44143 1 0  
1 44297 2 44605  
0 44605 2 44912  
3 44912 1 0  
1 44912 1 0  
3 45143 1 0  
2 45143 1 0  
1 45374 1 0  
2 45374 1 0  
1 45605 1 0  
0 45605 1 0  
0 45835 1 0  
3 45835 1 0  
1 45989 1 0  
2 46143 1 0  
3 46143 1 0  
1 46374 1 0  
2 46374 1 0  
1 46605 1 0  
0 46605 1 0  
3 46835 1 0  
2 46912 1 0  
0 46989 1 0  
1 47066 1 0  
2 47220 1 0  
3 47374 1 0  
0 47374 1 0  
2 47681 1 0  
0 47758 1 0  
2 47912 1 0  
0 48066 1 0  
1 48143 1 0  
3 48220 1 0  
2 48297 1 0  
0 48605 2 49835  
3 48605 1 0  
1 49835 1 0  
3 49989 1 0 
0 50143 1 0  
2 50297 1 0 
0 50451 1 0  
1 50605 1 0 
3 50758 1 0  
2 50912 1 0 
1 51066 2 51374  
3 51374 2 51681  
2 51681 2 51989  
0 51989 2 52297  
2 52297 1 0  
1 52451 1 0 
2 52605 1 0  
3 52758 1 0 
1 52912 1 0  
2 53066 1 0 
0 53220 1 0  
1 53374 1 0 
3 53528 2 53835  
1 53835 1 0  
2 54143 2 54451  
1 54605 1 0  
2 54681 1 0 
3 54758 1 0  
0 54758 1 0  
1 54912 1 0  
3 55066 1 0  
2 55220 1 0  
1 55374 1 0  
2 55528 1 0  
0 55681 1 0  
3 55835 1 0  
2 55912 1 0 
1 55989 1 0  
0 55989 1 0  
3 56143 1 0  
1 56297 1 0  
2 56451 1 0  
0 56605 2 56912  
3 56912 2 57220  
0 57220 1 0  
2 57374 1 0  
1 57528 1 0  
3 57681 1 0  
0 57835 1 0  
1 57989 1 0  
3 58143 1 0  
1 58297 1 0  
0 58451 1 0  
3 58451 1 0  
2 58605 1 0 
0 58758 1 0 
1 58912 1 0 
3 59066 2 59374
0 59374 1 0 
1 59374 1 0
3 59681 1 0  
0 59681 1 0  
1 59989 1 0  
2 60143 1 0  
3 60297 1 0  
0 60758 1 0  
3 60912 2 61220  
1 61220 1 0  
0 61374 1 0  
3 61528 1 0  
1 61681 1 0  
2 61989 1 0  
1 62143 2 62451  
3 62451 1 0  
0 62605 1 0  
2 62758 1 0  
1 63220 1 0  
3 63374 1 0  
3 63681 1 0  
2 63835 1 0  
0 63989 1 0  
1 64143 1 0  
2 64297 1 0  
0 64451 1 0  
3 64605 2 64912  
1 64912 1 0  
2 65066 1 0  
0 65220 1 0  
2 65681 1 0  
0 65835 2 66143  
2 66143 1 0  
1 66297 1 0  
3 66451 1 0  
0 66605 1 0  
2 66912 1 0  
1 67066 2 67374  
3 67374 1 0  
0 67528 1 0  
2 67681 1 0  
1 67835 1 0  
2 67989 1 0  
1 68143 1 0  
3 68297 2 69528  
0 68912 2 69528  
1 69528 1 0  
2 69528 1 0  
0 69835 1 0  
1 69835 1 0 
3 70143 1 0  
0 70451 1 0  
1 70451 1 0 
2 70758 2 70912  
3 70912 2 71066  
0 71066 2 71220  
1 71220 2 71374  
2 71374 2 71528  
0 71681 2 71989
3 71989 1 0  
1 71989 1 0  
2 72143 1 0  
0 72297 1 0  
3 72451 1 0  
1 72605 1 0  
3 72758 1 0  
0 72912 2 73220  
3 73220 1 0  
2 73220 1 0 
2 73528 1 0  
1 73528 1 0  
0 73835 2 74143  
1 73835 1 0 
3 74143 1 0  
1 74297 1 0  
2 74374 1 0 
3 74451 1 0  
0 74451 1 0 
1 74681 1 0  
2 74912 1 0  
0 75066 1 0  
3 75297 1 0  
2 75528 1 0  
0 75681 1 0  
2 75912 1 0  
1 76143 1 0  
3 76297 1 0  
1 76528 1 0  
2 76758 1 0  
0 76912 1 0  
1 77066 1 0  
3 77220 1 0  
2 77374 1 0  
0 77528 1 0  
1 77605 1 0  
2 77681 1 0  
3 77758 1 0  
0 77835 2 78143  
1 78143 1 0  
3 78143 2 78297 
2 78297 2 78451 
1 78451 2 78605  
3 78605 2 78758  
0 78758 2 79066  
2 79066 2 79374 
0 79374 1 0  
3 79374 1 0  
1 79605 1 0 
2 79835 1 0 
3 80066 1 0 
1 80297 1 0  
2 80451 1 0  
0 80605 1 0  
1 80605 1 0  
2 80835 1 0  
3 80835 1 0 
2 81066 1 0  
1 81066 1 0 
0 81220 1 0  
3 81220 1 0 
2 81374 1 0  
1 81528 1 0  
0 81681 1 0  
3 81835 1 0  
2 81835 1 0  
1 82066 1 0 
2 82297 1 0 
3 82528 1 0 
0 82758 1 0  
1 82912 1 0  
2 83066 1 0  
3 83066 1 0  
1 83297 1 0  
0 83297 1 0 
1 83528 1 0  
2 83528 1 0 
3 83681 1 0  
0 83681 1 0 
1 83835 1 0  
2 83989 1 0  
3 84143 1 0  
0 84297 1 0  
1 84297 1 0  
1 84528 1 0  
2 84528 1 0  
2 84758 1 0  
3 84758 1 0  
0 84989 1 0  
3 84989 1 0  
2 85220 1 0  
1 85374 1 0  
2 85528 1 0  
3 85528 1 0  
0 85758 1 0  
1 85758 1 0  
0 85989 1 0  
2 85989 1 0  
1 86220 1 0  
3 86220 1 0  
2 86451 1 0  
1 86605 1 0  
3 86758 1 0  
0 86758 1 0  
1 86989 1 0  
2 86989 1 0  
2 87220 1 0  
3 87220 1 0  
0 87451 1 0  
1 87451 1 0  
2 87681 1 0  
1 87835 1 0  
0 87989 1 0  
3 87989 1 0  
2 88912 1 0  
1 88912 1 0 
0 89220 1 0  
3 89220 2 91374  
2 89528 1 0  
1 89835 1 0  
0 90143 1 0  
2 90451 1 0  
0 90758 1 0  
1 91066 1 0  
0 91374 2 91681  
2 91374 1 0  
3 91681 1 0  
2 91989 1 0  
0 92297 1 0  
1 92605 1 0  
3 92912 1 0  
0 93066 1 0  
2 93220 1 0  
0 93374 1 0  
3 93528 1 0  
1 93681 1 0  
2 93758 1 0 
1 93835 1 0  
0 94143 2 96297  
1 94143 1 0  
2 94451 1 0  
3 94758 1 0  
1 95066 1 0  
3 95374 1 0  
2 95681 1 0  
1 95989 1 0  
3 96297 2 96605  
2 96297 1 0  
0 96605 1 0  
2 96912 1 0  
1 97220 1 0  
3 97528 1 0  
0 97835 2 97989  
2 97835 1 0 
1 98143 2 98297  
3 98143 1 0 
2 98451 2 98605  
0 98451 1 0  
3 98758 2 99066  
1 99066 1 0  
0 99066 2 101220  
3 99374 1 0  
1 99681 1 0  
2 99989 1 0  
3 100297 1 0  
1 100605 1 0  
3 100912 1 0  
2 101220 1 0  
1 101528 1 0  
3 101835 1 0  
0 102143 1 0  
2 102451 1 0  
1 102758 1 0  
3 102912 1 0  
0 103066 1 0  
2 103220 1 0  
0 103374 1 0  
1 103528 1 0  
3 103681 2 103989  
2 103681 1 0  
1 103989 1 0  
0 103989 1 0  
2 104297 1 0  
3 104605 1 0  
1 104912 1 0  
2 105220 1 0  
0 105528 1 0  
3 105835 1 0  
2 106143 1 0  
0 106451 1 0  
3 106605 1 0  
1 106758 1 0  
2 106912 1 0  
0 107066 1 0  
1 107220 1 0  
2 107297 1 0  
3 107374 1 0  
0 107528 1 0  
2 107681 2 107989  
3 107989 1 0  
1 108143 1 0  
0 108297 2 108605  
3 108605 2 108912  
0 108912 1 0  
1 108912 1 0  
3 109143 1 0  
2 109143 1 0  
2 109374 1 0  
1 109374 1 0  
3 109605 1 0  
0 109605 1 0  
1 109835 1 0  
2 109989 1 0  
3 110143 1 0  
0 110143 1 0  
1 110374 1 0  
2 110374 1 0  
3 110605 1 0  
2 110605 1 0  
0 110835 1 0  
1 110912 1 0  
2 110989 1 0  
3 111066 1 0  
0 111220 1 0  
2 111374 1 0  
3 111374 1 0  
1 111605 1 0  
0 111605 1 0  
1 111835 1 0  
2 111835 1 0  
3 112066 1 0  
0 112066 1 0  
1 112297 1 0  
2 112451 1 0  
3 112605 1 0  
0 112605 2 113835  
3 113066 1 0  
2 113143 1 0  
1 113220 2 113835  