3 456 0 
0 456 1 0 
2 884 1 0 
0 1313 1 0 
3 1634 1 0 
2 1956 1 0 
1 2170 1 0 
0 2598 1 0 
3 3027 1 0 
1 3348 1 0 
2 3670 1 0 
3 3884 1 0 
1 4313 1 0 
0 4741 1 0 
3 5063 1 0 
2 5384 1 0 
1 5598 1 0 
0 7313 1 0 
3 7313 1 0 
3 7741 1 0 
0 7741 1 0 
2 8170 1 0 
0 8170 1 0 
0 8491 1 0 
2 8491 1 0 
2 8813 1 0 
3 8813 1 0 
0 9027 1 0 
1 9027 1 0 
1 9456 1 0 
3 9456 1 0 
3 9884 1 0 
1 9884 1 0 
0 10206 1 0 
2 10206 1 0 
2 10527 1 0 
0 10527 1 0 
1 10741 1 0 
3 10741 1 0 
3 11170 1 0 
2 11170 1 0 
3 11598 1 0 
2 11598 1 0 
0 11920 1 0 
1 11920 1 0 
2 12241 1 0 
3 12241 1 0 
0 12456 1 0 
1 12456 1 0 
3 12884 1 0 
2 13313 1 0 
0 13741 1 0 
1 13956 1 0 
2 14170 1 0 
3 14170 1 0 
1 14598 1 0 
2 15027 1 0 
0 15348 1 0 
1 15670 1 0 
0 15884 1 0 
3 15884 1 0 
2 16313 1 0 
1 16741 1 0 
3 17063 1 0 
2 17384 1 0 
1 17598 1 0 
0 17598 1 0 
3 18027 1 0 
2 18456 1 0 
0 18777 1 0 
1 19098 1 0 
0 19313 1 0 
3 19313 1 0 
2 19741 1 0 
2 20170 1 0 
1 20491 1 0 
3 20813 1 0 
0 21027 1 0 
2 21027 1 0 
2 21456 1 0 
0 21456 1 0 
1 21884 1 0 
3 21884 1 0 
3 22206 1 0 
1 22206 1 0 
2 22527 1 0 
3 22527 1 0 
0 22741 1 0 
1 22741 1 0 
2 23170 1 0 
3 23170 1 0 
2 23598 1 0 
3 23598 1 0 
1 23920 1 0 
0 23920 1 0 
1 24241 1 0 
0 24241 1 0 
2 24456 1 0 
3 24456 1 0 
2 24884 1 0 
0 24884 1 0 
0 25313 1 0 
2 25313 1 0 
1 25634 1 0 
3 25634 1 0 
2 25956 1 0 
0 25956 1 0 
1 26170 1 0 
3 26170 1 0 
2 26491 1 0 
1 26813 1 0 
2 27027 1 0 
0 27241 1 0 
1 27456 1 0 
2 27670 1 0 
3 27884 1 0 
0 27884 1 0 
2 28098 1 0 
1 28313 1 0 
0 28313 1 0 
2 28527 1 0 
0 28741 1 0 
3 28741 1 0 
2 29063 1 0 
3 29063 1 0 
1 29384 1 0 
0 29384 1 0 
2 29598 1 0 
3 29598 1 0 
0 29813 1 0 
1 30027 1 0 
2 30027 1 0 
3 30241 1 0 
1 30456 1 0 
0 30456 1 0 
2 30777 1 0 
0 30777 1 0 
1 31098 1 0 
3 31098 1 0 
2 31313 1 0 
0 31313 1 0 
3 31527 1 0 
2 31741 1 0 
1 31741 1 0 
0 31956 1 0 
2 32170 1 0 
3 32170 1 0 
1 32491 1 0 
0 32491 1 0 
2 32813 1 0 
3 32813 1 0 
0 33027 1 0 
1 33027 1 0 
2 33241 1 0 
0 33456 1 0 
1 33456 1 0 
2 33670 1 0 
0 33884 1 0 
3 33884 1 0 
1 34098 1 0 
2 34313 1 0 
3 34313 1 0 
1 34527 1 0 
0 34741 1 0 
3 34741 1 0 
2 34956 1 0 
0 35170 1 0 
3 35170 1 0 
1 35384 1 0 
2 35598 1 0 
3 35598 1 0 
1 35920 1 0 
0 35920 1 0 
2 36241 1 0 
3 36241 1 0 
1 36456 1 0 
0 36456 1 0 
2 36670 1 0 
0 36884 1 0 
3 36884 1 0 
1 37098 1 0 
2 37313 1 0 
3 37313 1 0 
1 37634 1 0 
0 37634 1 0 
2 37956 1 0 
1 38170 1 0 
3 38170 1 0 
0 38384 1 0 
1 38598 1 0 
3 38598 1 0 
2 38813 1 0 
3 39027 1 0 
0 39027 1 0 
1 39348 1 0 
2 39348 1 0 
2 39670 1 0 
3 39670 1 0 
1 39884 1 0 
0 39884 1 0 
1 40206 1 0 
0 40206 1 0 
3 40527 1 0 
1 40527 1 0 
2 40741 1 0 
0 40741 2 41170 
1 41170 2 41384 
0 41598 1 0 
3 41598 1 0 
1 41813 1 0 
2 42027 1 0 
3 42027 1 0 
1 42241 1 0 
0 42456 1 0 
3 42456 1 0 
1 42777 1 0 
0 42777 1 0 
2 43098 1 0 
3 43098 1 0 
1 43313 1 0 
0 43313 1 0 
3 43527 1 0 
2 43741 1 0 
1 43741 1 0 
0 43956 1 0 
2 44170 1 0 
3 44170 1 0 
1 44491 1 0 
3 44491 1 0 
2 44813 1 0 
0 44813 1 0 
1 45027 1 0 
3 45027 1 0 
0 45241 1 0 
1 45456 1 0 
2 45456 1 0 
3 45670 1 0 
1 45884 1 0 
0 45884 1 0 
2 46206 1 0 
3 46206 1 0 
1 46527 1 0 
0 46527 1 0 
2 46741 1 0 
3 46741 1 0 
1 46956 1 0 
2 47170 1 0 
3 47170 1 0 
1 47384 1 0 
0 47598 1 0 
3 47598 1 0 
2 47813 1 0 
0 48027 1 0 
1 48027 1 0 
2 48241 1 0 
0 48456 1 0 
3 48456 1 0 
1 48670 1 0 
3 48884 1 0 
0 48884 1 0 
2 49098 1 0 
1 49313 1 0 
0 49313 1 0 
2 49634 1 0 
3 49634 1 0 
1 49956 1 0 
0 49956 1 0 
3 50170 1 0 
2 50170 1 0 
1 50384 1 0 
0 50598 1 0 
3 50598 1 0 
2 50813 1 0 
1 51027 1 0 
0 51027 1 0 
2 51348 1 0 
3 51348 1 0 
1 51670 1 0 
2 51670 1 0 
0 51884 1 0 
3 51884 1 0 
1 52098 1 0 
3 52313 1 0 
2 52313 1 0 
1 52527 1 0 
0 52741 1 0 
3 52741 1 0 
1 53063 1 0 
0 53063 1 0 
2 53384 1 0 
0 53598 1 0 
3 53598 1 0 
2 53920 1 0 
3 53920 1 0 
1 54241 1 0 
2 54241 1 0 
0 54456 2 54884 
3 54456 1 0 
2 54884 2 55098 
0 55313 1 4 
3 55313 1 0 