2 456 5 0  
0 456 1 0  
1 884 1 0  
3 884 1 0  
2 1313 1 0  
1 1313 1 0  
0 1634 1 0  
3 1634 1 0  
1 1956 1 0  
2 1956 1 0  
0 2170 1 0  
3 2170 1 0  
3 2598 1 0  
2 2598 1 0  
1 3027 1 0  
0 3027 1 0  
1 3348 1 0  
2 3348 1 0  
0 3670 1 0  
3 3670 1 0  
2 3777 1 0  
1 3884 1 0  
0 3884 1 0  
3 4313 1 0  
1 4313 1 0  
2 4741 1 0  
0 4741 1 0  
1 5063 1 0  
2 5063 1 0  
0 5384 1 0  
3 5384 1 0  
2 5598 1 0  
1 5598 1 0  
2 7313 1 0  
0 7313 1 0  
3 7527 1 0  
2 7741 1 0  
0 7741 1 0  
3 7956 1 0  
2 8170 1 0  
0 8170 1 0  
3 8384 1 0  
2 8491 1 0  
1 8491 1 0  
0 8706 1 0  
3 8813 1 0  
1 8920 1 0  
3 9027 1 0  
2 9027 1 0  
0 9241 1 0  
1 9456 1 0  
3 9456 1 0  
0 9670 1 0  
3 9884 1 0  
1 9884 1 0  
0 10098 1 0  
1 10206 1 0  
3 10206 1 0  
2 10420 1 0  
0 10527 1 0  
3 10634 1 0  
1 10741 1 0  
2 10741 1 0  
3 10956 1 0  
1 11170 1 0  
0 11170 1 0  
3 11384 1 0  
1 11598 1 0  
0 11598 1 0  
3 11813 1 0  
2 11920 1 0  
1 11920 1 0  
0 12134 1 0  
3 12241 1 0  
1 12348 1 0  
0 12456 1 0  
2 12456 1 0  
1 12670 1 0  
2 12884 1 0  
0 13098 1 0  
2 13313 1 0  
0 13527 1 0  
3 13741 128 13848  
2 13848 1 0  
0 13956 128 14063  
1 14063 1 0  
2 14170 1 0  
3 14170 1 0  
1 14384 1 0  
0 14598 1 0  
3 14598 1 0  
1 14813 1 0  
2 15027 1 0  
3 15027 1 0  
0 15241 1 0  
1 15348 1 0  
2 15348 1 0  
3 15563 1 0  
0 15670 1 0  
2 15670 1 0  
1 15884 1 0  
3 15884 1 0  
2 16098 1 0  
1 16313 1 0  
0 16313 1 0  
2 16527 1 0  
1 16741 1 0  
3 16741 1 0  
2 16956 1 0  
1 17063 1 0  
0 17063 1 0  
2 17384 1 0  
3 17384 1 0  
1 17491 1 0  
0 17598 1 0  
3 17598 1 0  
2 17813 1 0  
3 18027 1 0  
0 18027 1 0  
1 18241 1 0  
2 18456 1 0  
3 18456 1 0  
0 18670 1 0  
1 18777 1 0  
2 18777 1 0  
3 18991 1 0  
2 19098 1 0  
0 19098 1 0  
1 19313 1 0  
3 19313 1 0  
2 19527 1 0  
1 19741 1 0  
0 19741 1 0  
3 19956 1 0  
1 20170 1 0  
0 20170 1 0  
2 20384 1 0  
1 20491 1 0  
0 20491 1 0  
3 20706 1 0  
0 20813 1 0  
1 20813 1 0  
2 20920 1 0  
3 21027 1 0  
1 21027 1 0  
0 21241 1 0  
2 21456 1 0  
3 21456 1 0  
0 21670 1 0  
2 21884 1 0  
3 21884 1 0  
0 22098 1 0  
2 22206 1 0  
1 22206 1 0  
3 22420 1 0  
2 22527 1 0  
0 22527 1 0  
1 22741 1 0  
3 22741 1 0  
0 22956 1 0  
1 23170 1 0  
3 23170 1 0  
0 23384 1 0  
1 23598 1 0  
3 23598 1 0  
0 23813 1 0  
1 23920 1 0  
2 23920 1 0  
3 24134 1 0  
2 24241 1 0  
1 24348 1 0  
0 24348 1 0  
2 24456 1 0  
3 24456 1 0  
0 24670 1 0  
2 24884 1 0  
3 24884 1 0  
0 25098 1 0  
2 25313 1 0  
1 25313 1 0  
3 25527 1 0  
1 25634 1 0  
0 25634 1 0  
2 25848 1 0  
0 25956 1 0  
3 25956 1 0  
1 26170 1 0  
0 26170 1 0  
2 26277 1 0  
3 26384 1 0  
2 26491 1 0  
1 26598 1 0  
0 26706 1 0  
3 26813 1 0  
2 26920 1 0  
1 27027 1 0  
2 27134 1 0  
3 27241 1 0  
0 27348 1 0  
2 27456 1 0  
1 27563 1 0  
2 27670 1 0  
1 27777 1 0  
0 27884 1 0  
3 27884 128 28098  
1 28098 1 0  
0 28313 1 0  
2 28313 128 28527  
1 28527 1 0  
0 28741 1 0  
3 28741 128 28956  
2 28956 1 0  
1 29063 1 0  
0 29063 1 0  
2 29384 1 0  
1 29384 1 0  
3 29598 1 0  
0 29598 128 29813  
2 29813 1 0  
3 30027 1 0  
1 30027 128 30241  
2 30241 1 0  
3 30456 1 0  
0 30456 128 30670  
2 30670 1 0  
1 30777 1 0  
3 30777 1 0  
0 31098 1 0  
1 31098 1 0  
2 31206 1 0  
3 31313 1 0  
0 31313 128 31527  
2 31527 1 0  
3 31741 1 0  
1 31741 128 31956  
2 31956 1 0  
0 32170 128 32384  
3 32170 1 0  
2 32170 1 0  
1 32384 1 0  
2 32491 1 0  
3 32491 1 0  
1 32598 1 0  
0 32598 1 0  
2 32813 1 0  
0 33027 1 0  
1 33027 1 0  
3 33241 1 0  
0 33456 1 0  
1 33456 1 0  
3 33670 1 0  
0 33884 1 0  
1 33884 1 0  
3 34098 1 0  
2 34206 1 0  
1 34206 1 0  
0 34313 1 0  
2 34527 1 0  
3 34527 1 0  
1 34634 1 0  
3 34741 1 0  
0 34741 1 0  
2 34956 1 0  
1 35170 1 0  
3 35170 1 0  
2 35384 1 0  
0 35598 1 0  
3 35598 1 0  
1 35813 1 0  
2 35920 1 0  
3 35920 1 0  
1 36241 1 0  
2 36241 1 0  
3 36456 1 0  
0 36456 1 0  
2 36670 1 0  
1 36884 1 0  
0 36884 1 0  
2 37098 1 0  
0 37313 1 0  
3 37313 1 0  
1 37527 1 0  
0 37634 1 0  
3 37634 1 0  
3 37956 1 0  
2 37956 1 0  
1 38063 1 0  
0 38170 1 0  
3 38170 1 0  
2 38384 1 0  
1 38598 1 0  
0 38598 1 0  
3 38813 1 0  
2 39027 1 0  
1 39027 1 0  
0 39241 1 0  
2 39348 1 0  
3 39348 1 0  
1 39670 1 0  
2 39670 1 0  
3 39884 1 0  
0 39884 1 0  
1 40098 1 0  
0 40206 1 0  
3 40206 1 0  
2 40420 1 0  
3 40527 1 0  
0 40527 1 0  
1 40741 1 0  
2 40848 1 0  
0 40956 1 0  
3 41063 1 0  
2 41170 128 41384  
1 41384 128 41491  
3 41598 128 41813  
0 41598 1 0  
2 41813 1 0  
1 42027 128 42241  
0 42027 1 0  
2 42241 1 0  
3 42456 128 42670  
0 42456 1 0  
2 42670 1 0  
1 42777 1 0  
0 42777 1 0  
1 43098 1 0  
2 43098 1 0  
0 43313 128 43527  
3 43313 1 0  
1 43527 1 0  
2 43741 128 43956  
3 43741 1 0  
1 43956 1 0  
0 44170 128 44384  
3 44170 1 0  
1 44384 1 0  
2 44491 1 0  
3 44491 1 0  
1 44813 1 0  
0 44813 1 0  
2 44920 1 0  
3 45027 128 45241  
1 45027 1 0  
0 45241 1 0  
2 45456 128 45670  
1 45456 1 0  
0 45670 1 0  
1 45884 1 0  
3 45884 128 46098  
2 45884 1 0  
0 46098 1 0  
2 46206 1 0  
3 46206 1 0  
1 46313 1 0  
0 46313 1 0  
2 46527 1 0  
1 46741 1 0  
0 46741 1 0  
3 46956 1 0  
1 47170 1 0  
0 47170 1 0  
3 47384 1 0  
1 47598 1 0  
0 47598 1 0  
3 47813 1 0  
2 47920 1 0  
1 47920 1 0  
0 48027 1 0  
3 48241 1 0  
2 48241 1 0  
1 48348 1 0  
0 48456 1 0  
3 48456 1 0  
2 48670 1 0  
1 48884 1 0  
3 48884 1 0  
2 49098 1 0  
3 49313 1 0  
0 49313 1 0  
1 49527 1 0  
2 49634 1 0  
3 49634 1 0  
0 49741 1 0  
1 49956 1 0  
2 49956 1 0  
3 50170 1 0  
0 50170 1 0  
2 50384 1 0  
1 50598 1 0  
0 50598 1 0  
2 50813 1 0  
0 51027 1 0  
3 51027 1 0  
2 51241 1 0  
3 51348 1 0  
0 51348 1 0  
1 51456 1 0  
2 51670 1 0  
3 51670 1 0  
1 51777 1 0  
0 51884 1 0  
3 51884 1 0  
1 52098 1 0  
0 52313 1 0  
3 52313 1 0  
1 52527 1 0  
2 52741 1 0  
3 52741 1 0  
0 52956 1 0  
1 53063 1 0  
2 53063 1 0  
3 53170 1 0  
1 53384 1 0  
2 53384 1 0  
3 53598 128 53813  
0 53598 1 0  
2 53920 128 54134  
0 53920 1 0  
1 54241 1 0  
3 54241 1 0  
0 54456 128 54884  
3 54456 1 0  
2 54563 1 0  
1 54670 1 0  
3 54777 1 0  
2 54884 128 55098  
1 55313 1 0  
0 55313 1 0 