0 456 0 0
2 456 1 0  
3 456 1 0  
1 670 1 0  
2 884 1 0  
3 884 1 0  
1 1098 1 0  
2 1313 1 0  
3 1313 1 0  
1 1527 1 0  
2 1634 1 0  
3 1634 1 0  
2 1848 1 0  
1 1956 1 0  
0 1956 1 0  
0 2170 1 0  
1 2170 1 0  
2 2384 1 0  
1 2598 1 0  
0 2598 1 0  
2 2813 1 0  
1 3027 1 0  
0 3027 1 0  
2 3241 1 0  
1 3348 1 0  
0 3348 1 0  
1 3563 1 0  
2 3670 1 0  
3 3670 1 0  
0 3777 1 0  
1 3777 1 0  
2 3884 1 0  
3 3884 1 0  
1 4098 1 0  
2 4313 1 0  
3 4313 1 0  
1 4527 1 0  
2 4741 1 0  
3 4741 1 0  
1 4956 1 0  
2 5063 1 0  
3 5063 1 0  
2 5277 1 0  
1 5384 1 0  
0 5384 1 0  
0 5598 1 0  
1 5598 1 0  
0 7313 1 0  
2 7313 1 0  
3 7313 1 0  
3 7527 1 0  
1 7527 1 0  
0 7741 1 0  
3 7741 1 0  
2 7956 1 0  
0 7956 1 0  
0 8170 1 0  
3 8170 1 0  
1 8384 1 0  
3 8384 1 0  
2 8491 1 0  
0 8491 1 0  
0 8706 1 0  
2 8706 1 0  
1 8813 1 0  
3 8813 1 0  
2 8920 1 0  
3 9027 1 0  
0 9027 1 0  
0 9241 1 0  
1 9241 1 0  
0 9456 1 0  
3 9456 1 0  
3 9670 1 0  
2 9670 1 0  
3 9884 1 0  
0 9884 1 0  
1 10098 1 0  
0 10098 1 0  
2 10206 1 0  
3 10206 1 0  
2 10420 1 0  
3 10420 1 0  
1 10527 1 0  
0 10527 1 0  
2 10634 1 0  
3 10634 1 0  
0 10741 1 0  
1 10741 1 0  
0 10956 1 0  
3 10956 1 0  
2 11170 1 0  
0 11170 1 0  
0 11384 1 0  
3 11384 1 0  
3 11598 1 0  
1 11598 1 0  
0 11813 1 0  
2 11813 1 0  
1 11920 1 0  
3 11920 1 0  
3 12134 1 0  
1 12134 1 0  
2 12241 1 0  
0 12241 1 0  
3 12348 1 0  
1 12456 1 0  
0 12456 1 0  
3 12670 1 0  
1 12884 1 0  
3 13098 1 0  
1 13313 1 0  
3 13527 1 0  
1 13741 128 13848  
2 13848 128 13956  
1 13956 128 14063  
2 14063 128 14170  
3 14170 128 14598  
1 14170 1 0  
0 14170 1 0  
2 14384 1 0  
0 14598 128 15027  
1 14598 1 0  
2 14813 1 0  
3 15027 128 15241  
1 15027 1 0  
2 15241 1 0  
0 15241 1 0  
1 15348 128 15563  
3 15348 1 0  
3 15563 1 0  
0 15563 1 0  
1 15670 1 0  
2 15670 128 15884  
0 15884 128 16313  
3 15884 1 0  
2 16098 1 0  
3 16313 128 16741  
1 16313 1 0  
2 16527 1 0  
0 16741 128 16956  
1 16741 1 0  
1 16956 1 0  
3 16956 1 0  
2 17063 128 17277  
0 17063 1 0  
0 17277 1 0  
1 17277 1 0  
2 17384 1 0  
3 17384 1 0  
0 17491 1 0  
1 17491 1 0  
2 17598 128 18027  
3 17598 1 0  
0 17813 1 0  
1 18027 128 18456  
3 18027 1 0  
2 18241 1 0  
3 18456 128 18670  
0 18456 1 0  
0 18670 1 0  
2 18670 1 0  
1 18777 128 18991  
3 18777 1 0  
3 18991 1 0  
0 18991 1 0  
2 19098 128 19313  
1 19098 1 0  
1 19313 1 0  
0 19313 1 0  
2 19527 1 0  
0 19741 1 0  
1 19741 1 0  
2 19956 1 0  
1 20170 1 0  
0 20170 1 0  
2 20384 1 0  
0 20491 1 0  
1 20491 1 0  
1 20706 1 0  
2 20813 1 0  
3 20813 1 0  
1 20920 1 0  
2 21027 1 0  
3 21027 1 0  
0 21027 1 0  
1 21241 1 0  
3 21241 1 0  
0 21456 1 0  
3 21456 1 0  
2 21670 1 0  
0 21670 1 0  
0 21884 1 0  
3 21884 1 0  
1 22098 1 0  
3 22098 1 0  
2 22206 1 0  
0 22206 1 0  
0 22420 1 0  
2 22420 1 0  
1 22527 1 0  
3 22527 1 0  
2 22634 1 0  
3 22741 1 0  
0 22741 1 0  
1 22956 1 0  
0 22956 1 0  
0 23170 1 0  
3 23170 1 0  
3 23384 1 0  
2 23384 1 0  
3 23598 1 0  
0 23598 1 0  
1 23813 1 0  
0 23813 1 0  
2 23920 1 0  
3 23920 1 0  
3 24134 1 0  
2 24134 1 0  
1 24241 1 0  
0 24241 1 0  
3 24348 1 0  
2 24348 1 0  
0 24456 128 25848  
1 24456 1 0  
3 24670 1 0  
1 24884 1 0  
2 24884 1 0  
3 25098 1 0  
2 25313 1 0  
1 25313 1 0  
3 25527 1 0  
2 25634 1 0  
1 25634 1 0  
3 25848 1 0  
2 25956 1 0  
0 25956 1 0  
1 26063 1 0  
2 26170 1 0  
3 26170 1 0  
1 26277 1 0  
3 26384 1 0  
1 26491 1 0  
0 26491 1 0  
2 26598 1 0  
0 26706 1 0  
2 26813 1 0  
3 26813 1 0  
1 26920 1 0  
2 27027 1 0  
3 27027 1 0  
3 27134 1 0  
2 27134 1 0  
1 27241 1 0  
0 27241 1 0  
0 27348 1 0  
1 27348 1 0  
2 27456 128 27563  
1 27563 128 27670  
2 27670 128 27777  
1 27777 128 27884  
2 27884 128 28098  
0 27884 1 0  
3 27884 1 4  
1 28098 1 0  
0 28313 128 28527  
3 28313 1 0  
2 28527 1 0  
1 28741 128 28956  
3 28741 1 0  
0 28956 1 0  
2 29063 128 29277  
3 29063 1 0  
0 29277 1 0  
3 29384 128 29491  
2 29384 1 0  
3 29598 128 29813  
0 29598 1 0  
1 29813 128 30027  
0 30027 128 30241  
3 30027 1 0  
2 30241 128 30456  
0 30456 1 0  
1 30456 128 30670  
3 30670 1 0  
2 30777 128 30991  
0 30777 1 0  
3 30991 1 0  
1 31098 1 0  
0 31098 1 0  
2 31206 1 0  
3 31206 1 0  
0 31313 128 31527  
1 31313 1 0  
2 31527 128 31741  
0 31741 1 0  
3 31741 1 0  
1 31956 128 32170  
2 32170 128 32384  
0 32170 1 0  
1 32384 1 0  
3 32491 128 32706  
0 32491 1 0  
1 32706 1 0  
2 32813 128 33027  
3 32813 1 0  
0 33027 128 33241  
1 33027 1 0  
3 33241 1 0  
0 33456 128 33670  
1 33456 1 0  
2 33670 1 0  
0 33884 128 34098  
1 33884 1 0  
3 34098 1 0  
1 34206 1 0  
0 34206 1 0  
2 34313 1 0  
3 34313 1 0  
3 34527 1 0  
2 34527 1 0  
0 34634 1 0  
1 34634 1 0  
2 34741 128 34956  
3 34741 1 0  
0 34956 1 0  
1 35170 128 35384  
3 35170 1 0  
0 35384 1 0  
2 35598 1 0  
3 35598 128 35813  
0 35813 1 0  
3 35920 1 0  
2 35920 128 36134  
0 36134 1 0  
1 36241 128 36456  
3 36241 1 0  
0 36456 128 36670  
3 36456 1 0  
2 36670 1 0  
1 36777 128 37098  
3 36884 1 0  
0 36884 1 0  
2 37098 128 37313  
3 37313 128 37527  
0 37313 1 0  
1 37527 1 0  
2 37634 1 0  
0 37634 128 37848  
2 37848 1 0  
0 37956 1 0  
1 37956 1 0  
2 38063 1 0  
3 38063 1 0  
1 38170 1 0  
0 38170 1 0  
3 38277 1 0  
1 38384 1 0  
2 38491 1 0  
3 38598 1 0  
0 38598 1 0  
1 38706 1 0  
2 38813 1 0  
3 38920 1 0  
2 39027 1 0  
1 39027 1 0  
0 39134 1 0  
1 39241 1 0  
2 39348 1 0  
3 39348 1 0  
1 39456 1 0  
0 39456 1 0  
2 39563 1 0  
3 39670 1 0  
0 39670 1 0  
1 39777 1 0  
0 39884 1 0  
2 39884 1 0  
3 39884 1 0  
1 39991 1 0  
2 40098 1 0  
1 40206 1 0  
0 40206 1 0  
3 40206 1 0  
2 40313 1 0  
1 40420 1 0  
0 40527 1 0  
2 40527 1 0  
3 40527 1 0  
1 40634 1 0  
2 40741 1 0  
3 40741 1 0  
0 40848 1 0  
1 40848 1 0  
3 40956 1 0  
2 40956 1 0  
1 41063 1 0  
0 41063 1 0  
2 41170 1 0  
1 41384 1 0  
0 41598 1 0  
2 41598 1 0  
3 41598 1 0  
1 41706 1 0  
2 41813 1 0  
1 41920 1 0  
0 42027 1 0  
3 42027 1 0  
2 42134 1 0  
1 42241 1 0  
2 42348 1 0  
0 42456 1 0  
3 42456 1 0  
1 42563 1 0  
2 42670 1 0  
1 42777 1 0  
0 42777 1 0  
2 42884 1 0  
3 42884 1 0  
0 42991 1 0  
1 43098 1 0  
3 43098 1 0  
2 43206 1 0  
3 43313 1 0  
0 43313 1 0  
1 43420 1 0  
3 43527 1 0  
2 43634 1 0  
1 43741 1 0  
0 43741 1 0  
3 43848 1 0  
1 43956 1 0  
2 44063 1 0  
3 44170 1 0  
0 44170 1 0  
1 44277 1 0  
2 44384 1 0  
0 44491 1 0  
1 44491 1 0  
2 44598 1 0  
3 44598 1 0  
1 44706 1 0  
2 44813 1 0  
3 44813 1 0  
1 44920 1 0  
0 44920 1 0  
2 45027 1 0  
3 45027 1 0  
0 45134 1 0  
2 45241 1 0  
1 45348 1 0  
0 45456 1 0  
3 45456 1 0  
2 45563 1 0  
0 45670 1 0  
1 45777 1 0  
2 45884 1 0  
3 45884 1 0  
0 45991 1 0  
2 46098 1 0  
0 46206 1 0  
1 46206 1 0  
2 46313 1 0  
3 46313 1 0  
0 46420 1 0  
1 46527 1 0  
3 46527 1 0  
2 46634 1 0  
3 46741 1 0  
0 46741 1 0  
2 46848 1 0  
0 46956 1 0  
3 46956 1 0  
1 47063 1 0  
2 47170 1 0  
3 47170 1 0  
0 47170 1 0  
1 47277 1 0  
0 47384 1 0  
3 47384 1 0  
2 47491 1 0  
1 47598 1 0  
0 47598 1 0  
3 47598 1 0  
2 47706 1 0  
1 47813 1 0  
0 47813 1 0  
2 47920 1 0  
3 47920 1 0  
1 48027 1 0  
0 48027 1 0  
3 48134 1 0  
2 48241 1 0  
0 48241 1 0  
1 48348 1 0  
3 48348 1 0  
2 48456 1 0  
0 48456 1 0  
1 48563 1 0  
2 48670 1 0  
3 48777 1 0  
1 48884 1 0  
0 48884 1 0  
3 48991 1 0  
0 49098 128 49527  
2 49098 1 0  
1 49206 1 0  
2 49313 1 0  
3 49313 1 0  
1 49420 1 0  
2 49527 1 0  
1 49634 1 0  
0 49634 1 0  
2 49741 1 0  
3 49741 1 0  
1 49848 1 0  
0 49956 1 0  
3 49956 1 0  
2 50063 1 0  
1 50170 1 0  
0 50170 1 0  
2 50277 1 0  
3 50384 1 0  
0 50491 1 0  
1 50491 1 0  
2 50598 1 0  
3 50598 1 0  
1 50706 1 0  
3 50813 128 51241  
0 50813 1 0  
2 50920 1 0  
1 51027 1 0  
0 51027 1 0  
2 51134 1 0  
1 51241 1 0  
0 51241 1 0  
2 51348 1 0  
3 51348 1 0  
1 51456 1 0  
0 51563 1 0  
2 51670 1 0  
3 51670 1 0  
1 51777 1 0  
0 51777 1 0  
2 51884 1 0  
3 51884 1 0  
0 51991 1 0  
3 52098 1 0  
2 52206 1 0  
1 52313 1 0  
0 52313 1 0  
2 52420 1 0  
0 52527 128 52956  
3 52527 1 0  
1 52634 1 0  
2 52741 1 0  
3 52741 1 0  
1 52848 1 0  
3 52956 1 0  
2 53063 1 0  
0 53063 1 0  
1 53170 1 0  
3 53170 1 0  
2 53277 1 0  
3 53384 1 0  
0 53384 1 0  
1 53491 1 0  
0 53598 1 0  
2 53598 1 0  
3 53598 1 0  
1 53706 1 0  
2 53813 1 0  
3 53920 1 0  
1 53920 1 0  
0 53920 1 0  
2 54027 1 0  
1 54134 1 0  
0 54241 1 0  
2 54241 1 0  
3 54241 1 0  
1 54348 1 0  
2 54456 1 0  
3 54456 1 0  
1 54563 1 0  
0 54563 1 0  
2 54670 1 0  
3 54670 1 0  
1 54777 1 0  
0 54777 1 0  
2 54884 128 54991  
1 54991 128 55098  
2 55098 1 0  
1 55206 1 0  
0 55313 1 0  
2 55313 1 0  
3 55313 1 0 