0 440 1 0 
2 581 1 0 
0 723 1 0 
3 864 1 0 
0 1006 1 0
1 1147 1 0
3 1289 1 0
2 1430 1 0
0 1713 1 0
2 2562 1 0
1 2633 1 0
0 2704 1 0
3 2845 1 0
0 2987 1 0
2 3128 1 0
0 3270 1 0
3 3411 1 0
2 3553 1 0
1 3694 1 0
0 3977 1 0
2 4260 2 4685
1 4402 2 4685
0 4685 2 4968
3 4968 1 0
2 5109 1 0
3 5251 1 0
0 5392 1 0
2 5534 1 0
3 5675 1 0
1 5817 1 0
2 5958 1 0
3 6241 1 0
1 7090 1 0
2 7161 1 0
3 7232 1 0
1 7373 1 0
3 7515 1 0
0 7656 1 0
3 7798 1 0
2 7939 1 0
0 8081 1 0
1 8223 1 0
3 8506 1 0
0 8930 1 0
1 9001 1 0
3 9072 1 0
2 9142 1 0
0 9213 1 0
3 9284 1 0
0 9355 1 0
3 9425 1 0
1 9496 1 0
0 9496 1 0
2 9638 1 0
1 9708 1 0
0 9779 1 0
3 9921 2 10204
2 10204 1 0
1 10345 1 0
3 10487 1 0
0 10628 1 0
1 10770 1 0
2 10840 1 0
3 10911 1 0
0 11053 2 11336
1 11336 1 0 
2 11477 1 0
0 11619 1 0
3 11760 1 0
2 11902 1 0
1 11973 1 0
0 12043 1 0
2 12185 2 12468
1 12468 1 0
2 12609 1 0
0 12751 1 0
1 12892 1 0
2 12963 1 0
3 13034 1 0
1 13175 1 0
0 13317 2 13600
2 13600 1 0
1 13741 1 0
3 13883 1 0
1 14024 1 0
0 14024 1 0
1 14307 1 0
0 14307 1 0
1 14590 1 0
0 14590 1 0
3 14732 1 0
1 14873 1 0
0 14873 1 0
2 15015 1 0
0 15156 1 0
3 15156 1 0
2 15439 1 0
3 15439 1 0
2 15723 1 0
3 15723 1 0
2 16006 1 0
3 16006 1 0
3 16289 1 0
0 16289 1 0
3 16430 1 0
0 16430 1 0
2 16572 1 0
1 16572 1 0
2 16713 1 0
1 16713 1 0
0 16855 1 0
2 16925 1 0
1 16996 1 0
3 17067 1 0
0 17138 1 0
1 17208 1 0
3 17279 1 0
2 17350 1 0
1 17421 1 0
0 17421 1 0
2 17609 1 0
1 17609 1 0
2 17798 1 0
3 17798 1 0
0 17987 1 0
3 17987 1 0
2 18175 1 0
1 18175 1 0
1 18364 1 0
0 18364 1 0
3 18553 1 0
1 18694 1 0
2 18765 1 0
3 18836 1 0
0 18836 1 0
1 18977 2 19260
3 19260 1 0
2 19260 1 0
0 19402 1 0
1 19402 1 0
2 19543 1 0
0 19685 1 0
3 19685 1 0
1 19826 1 0
0 19897 1 0
2 19968 1 0
3 19968 1 0
0 20109 2 20392
1 20109 1 0
1 20392 1 0
3 20392 1 0
2 20534 1 0
0 20534 1 0
3 20675 1 0
0 20817 1 0
1 20817 1 0
3 20958 1 0
2 21029 1 0
0 21100 1 0
3 21100 1 0
1 21241 1 0
2 21241 2 21524
0 21524 1 0
1 21524 1 0
2 21666 1 0
3 21666 1 0
1 21807 1 0
0 21949 1 0
3 21949 1 0
2 22020 1 0
1 22090 1 0
2 22232 1 0
3 22232 1 0
0 22373 1 0
1 22373 2 22656
0 22656 1 0
3 22656 1 0
2 22798 1 0
1 22798 1 0
1 23081 1 0
0 23081 1 0
3 23081 1 0
2 23223 1 0
1 23293 1 0
2 23364 1 0
3 23364 1 0
0 23506 2 23789
1 23789 1 0
2 23789 1 0
3 23930 1 0
0 23930 1 0
1 24072 1 0
2 24213 1 0
0 24213 1 0
3 24355 1 0
2 24425 1 0
1 24496 1 0
0 24496 1 0
3 24638 2 24921
2 24638 1 0
0 24921 1 0
1 24921 1 0
2 25062 1 0
3 25062 1 0
1 25204 1 0
3 25345 1 0
0 25345 1 0
2 25416 1 0
1 25487 1 0
3 25557 1 0
2 25628 1 0
0 25628 1 0
1 25699 1 0
3 25770 1 0
2 25770 1 0
1 25840 1 0
0 25911 1 0
3 25911 1 0
2 25982 1 0
0 26053 1 0
1 26123 1 0
3 26194 1 0
0 26265 1 0
3 26336 1 0
0 26406 1 0
2 26477 1 0
3 26477 1 0
1 26619 1 0
3 26760 1 0
2 26902 1 0
0 27043 2 27326
1 27326 1 0
2 27468 1 0
3 27609 1 0
0 27609 1 0
1 27892 1 0
3 28034 1 0
2 28317 1 0
1 28458 1 0
0 28600 1 0
2 28741 1 0
3 28741 1 0
3 29024 1 0
0 29166 1 0
1 29590 1 0
2 29732 1 0
3 29873 1 0
0 29873 1 0
2 30156 1 0
0 30298 1 0
1 30581 1 0
2 30723 1 0
0 30864 1 0
2 31006 1 0
3 31006 1 0
3 31572 1 0
2 31855 1 0
0 32138 1 0
1 32138 1 0
0 32421 1 0
3 32562 1 0
1 32845 1 0
2 32987 1 0
0 33128 1 0
1 33270 1 0
3 33270 1 0
2 33553 1 0
0 33694 1 0
3 33977 1 0
1 34119 1 0
2 34260 1 0
3 34402 1 0
0 34402 2 34826
1 34826 1 0
2 34897 1 0
3 34968 2 35392
1 35392 1 0
2 35463 1 0
0 35534 1 0
1 35605 1 0
3 35675 1 0
2 35746 1 0
0 35817 1 0
3 35817 1 0
1 35817 1 0
2 36100 1 0
3 36100 1 0
1 36100 1 0
2 36383 1 0
1 36383 1 0
0 36383 1 0
0 36666 1 0
3 36666 1 0
1 36807 1 0
2 36878 1 0
3 36949 1 0
0 36949 1 0
1 37020 1 0
0 37090 1 0
3 37232 1 0
1 37232 1 0
2 37373 1 0
1 37444 1 0
3 37515 1 0
2 37515 1 0
0 37586 1 0
1 37656 1 0
2 37727 1 0
3 37798 1 0
0 37798 1 0
1 37939 1 0
3 38010 1 0
0 38081 1 0
1 38081 1 0
2 38223 1 0
3 38364 1 0
0 38364 1 0
1 38435 1 0
2 38435 1 0
2 38647 1 0
0 38647 1 0
1 38789 1 0
3 38930 1 0
0 38930 1 0
2 39072 1 0
0 39142 1 0
3 39213 1 0
2 39213 1 0
1 39355 1 0
2 39496 1 0
0 39496 1 0
3 39567 1 0
1 39567 1 0
0 39779 1 0
1 39779 1 0
2 39921 1 0
3 40062 2 40628
0 40062 1 0
2 40345 1 0
0 40345 1 0
0 40628 1 0
1 40699 1 0
2 40770 1 0
3 40840 1 0
1 40911 2 41194
0 40911 1 0
3 41194 1 0
0 41194 1 0
3 41477 1 0
0 41619 1 0
1 41619 1 0
0 42043 1 0
3 42114 1 0
1 42185 1 0
2 42256 1 0
0 42326 1 0
3 42326 1 0
2 42397 1 0
1 42397 1 0
3 42468 1 0
0 42468 1 0
3 42751 2 43034
1 42751 1 0
0 43034 1 0
2 43175 1 0
3 43175 1 0
1 43246 1 0
2 43317 1 0
1 43388 1 0
3 43458 1 0
0 43458 2 43741
3 43741 1 0
2 43812 1 0
3 43883 1 0
2 43954 1 0
0 44024 1 0
3 44024 1 0
1 44166 1 0
2 44166 1 0
3 44449 2 44732
0 44449 1 0
1 44732 1 0
2 44732 1 0
1 44873 1 0
2 44873 1 0
2 45015 1 0
1 45015 1 0
0 45156 1 0
3 45156 1 0
1 45439 1 0
0 45439 1 0
3 45439 1 0
3 45723 1 0
0 45723 1 0
0 46006 1 0
1 46147 1 0
3 46147 1 0
0 47279 1 0
2 47421 1 0
3 47421 1 0
0 47704 1 0
2 47704 1 0
0 47987 1 0
3 47987 1 0
3 48270 1 0
2 48411 1 0
0 48411 1 0
1 48694 1 0
2 49119 1 0
3 49119 1 0
0 49543 1 0
3 49543 1 0
1 50251 1 0
2 50251 1 0
1 50534 1 0
0 50675 1 0
3 50675 1 0
3 51807 1 0
1 51949 1 0
0 51949 1 0
2 52232 1 0
1 52373 1 0
0 52515 1 0
3 52515 1 0
3 52798 1 0
0 52939 1 0
1 52987 1 0
2 53034 1 0
3 53081 1 0
0 53223 1 0
2 53364 1 0
0 53647 1 0
3 53647 1 0
1 54072 1 0
2 54072 1 0
1 54496 1 0
2 54638 1 0
3 54779 1 0
1 54779 1 0
0 54779 1 0
3 55062 1 0
0 55204 1 0
1 55204 1 0
2 55274 1 0
3 55345 1 0
1 55416 1 0
2 55487 1 0
0 55628 1 0
1 55699 1 0
3 55770 1 0
2 55840 1 0
0 55911 1 0
3 55982 1 0
1 56053 1 0
1 56194 1 0
3 56336 1 0
2 56406 1 0
3 56477 1 0
0 56477 1 0
2 56760 1 0
1 56760 1 0
2 57043 1 0
3 57043 1 0
1 57114 1 0
0 57185 1 0
3 57326 1 0
0 57468 1 0
1 57468 1 0
2 57539 1 0
1 57680 1 0
3 57751 1 0
0 57892 1 0
1 57963 1 0
3 58034 1 0
2 58105 1 0
1 58175 1 0
0 58175 1 0
3 58317 1 0
0 58388 1 0
3 58529 1 0
0 58600 1 0
2 58741 1 0
3 58741 1 0
1 59024 1 0
0 59307 2 59732
3 59307 1 0
3 59732 1 0
2 59803 1 0
1 59873 2 60298
0 59873 1 0
0 60298 1 0
1 60369 1 0
3 60439 1 0
2 60439 2 60864
0 60864 1 0
1 60935 1 0
3 61006 2 61430
2 61006 1 0
1 61430 1 0
2 61501 1 0
3 61572 1 0
0 61572 1 0
2 61760 1 0
1 61760 1 0
1 61949 1 0
2 61949 1 0
0 62138 1 0
3 62138 1 0
2 62326 1 0
1 62326 1 0
2 62515 1 0
1 62515 1 0
0 62704 1 0
3 62704 1 0
1 62798 1 0
2 62892 1 0
0 62987 1 0
1 62987 1 0
3 63081 1 0
2 63175 1 0
1 63270 1 0
0 63270 1 0
3 63270 1 0
2 63411 1 0
1 63482 1 0
0 63553 1 0
1 63623 1 0
2 63694 1 0
3 63765 1 0
1 63836 1 0
0 63836 1 0
2 63977 1 0
1 64048 1 0
0 64119 1 0
3 64119 1 0
2 64260 1 0
0 64402 1 0
3 64473 1 0
1 64543 1 0
2 64614 1 0
0 64685 1 0
3 64756 1 0
1 64826 1 0
0 64826 1 0
2 65109 1 0
1 65251 1 0
0 65251 1 0
1 65392 1 0
2 65392 1 0
0 65534 1 0
3 65534 1 0
2 65605 1 0
0 65675 1 0
1 65746 1 0
2 65817 1 0
3 65817 1 0
0 65888 1 0
3 65958 1 0
0 66029 1 0
1 66100 1 0
3 66100 1 0
2 66241 1 0
1 66312 1 0
0 66383 1 0
3 66383 1 0
2 66524 2 66666
0 66666 1 0
1 66737 1 0
3 66807 1 0
2 66878 1 0
1 66949 1 0
0 66949 1 0
3 67090 1 0
2 67161 1 0
3 67232 1 0
0 67232 2 67373
1 67373 1 0
2 67515 2 67656
0 67515 1 0
1 67656 1 0
2 67727 1 0
3 67798 2 67939
0 67798 1 0
0 67939 2 68364
3 68081 1 0
1 68223 1 0
3 68364 1 0
2 68364 1 0
1 68506 1 0
2 68576 1 0
0 68647 1 0
3 68647 1 0
2 68789 1 0
0 68930 1 0
1 69001 1 0
3 69072 1 0
0 69142 1 0
2 69213 1 0
1 69284 1 0
3 69355 1 0
2 69425 1 0
1 69496 1 0
0 69496 1 0
2 69638 1 0
1 69708 1 0
0 69779 1 0
3 69779 1 0
2 69921 1 0
0 70062 1 0
3 70133 1 0
1 70204 1 0
0 70274 1 0
2 70345 1 0
3 70416 1 0
1 70487 1 0
2 70557 1 0
3 70628 1 0
0 70628 2 70770
1 70817 2 70958
2 71006 2 71147
0 71194 1 0
3 71194 2 71336
2 71383 2 71524
1 71572 2 71713
0 71760 1 0
3 71760 1 0
2 71855 1 0
0 71949 1 0
1 72043 1 0
3 72138 1 0
0 72232 1 0
2 72326 1 0
3 72326 1 0
1 72609 2 72892
0 72892 1 0
3 72892 1 0
2 73034 1 0
1 73175 1 0
0 73175 1 0
3 73317 1 0
0 73458 1 0
2 73529 1 0
1 73600 1 0
3 73671 1 0
2 73741 1 0
0 73741 1 0
1 73883 1 0
2 74024 1 0
3 74024 1 0
1 74166 1 0
0 74307 1 0
3 74307 1 0
2 74449 1 0
0 74590 1 0
3 74661 1 0
1 74732 1 0
2 74803 1 0
3 74873 1 0
0 74873 1 0
1 75015 1 0
2 75156 1 0
3 75156 1 0
1 75298 1 0
0 75439 1 0
3 75439 1 0
2 75581 1 0
0 75723 1 0
1 75793 1 0
3 75864 1 0
2 75935 1 0
1 76006 1 0
0 76006 1 0
3 76147 1 0
1 76289 1 0
0 76359 1 0
2 76430 1 0
1 76501 1 0
3 76572 1 0
0 76572 1 0
2 76713 1 0
1 76855 1 0
0 76855 1 0
2 76996 1 0
3 77138 1 0
0 77138 1 0
3 77421 1 0
1 77421 1 0
2 77562 1 0
0 77562 1 0
0 77845 1 0
3 77845 1 0
3 78128 1 0
0 78128 1 0
1 78411 1 0
0 78411 1 0
3 78694 1 0
0 78694 1 0
2 78977 1 0
3 78977 1 0
0 79119 1 0
3 79119 1 0
0 79402 1 0
1 79402 1 0
2 79543 1 0
1 79543 1 0
3 79685 1 0
0 79685 1 0
2 79756 1 0
1 79826 1 0
3 79897 1 0
2 79968 1 0
0 80039 1 0
1 80109 1 0
2 80180 1 0
0 80251 1 0
1 80322 1 0
3 80392 1 0
0 80463 1 0
2 80534 1 0
1 80605 1 0
3 80675 1 0
2 80746 1 0
0 80817 1 0
1 80888 1 0
3 80958 1 0
2 81029 1 0
0 81100 1 0
1 81171 1 0
2 81241 1 0
0 81312 1 0
1 81383 1 0
3 81383 2 81666
2 81666 1 0
0 81666 1 0
0 81949 1 0
3 81949 1 0
1 82232 1 0
2 82373 1 0
3 82515 1 0
1 82656 1 0
2 82798 1 0
0 82939 1 0
3 83081 1 0
2 83175 1 0
1 83270 1 0
0 83364 1 0
3 83458 1 0
2 83553 1 0
1 83647 2 83930
2 83930 1 0
3 83930 1 0
3 84213 1 0
0 84213 1 0
3 84496 1 0
0 84638 1 0
1 84708 1 0
3 84779 1 0
2 84850 1 0
0 84921 1 0
1 84991 1 0
3 85062 1 0
2 85133 1 0
0 85204 1 0
2 85345 1 0
3 85345 1 0
0 85487 1 0
1 85557 1 0
3 85628 1 0
2 85699 1 0
0 85770 1 0
1 85840 1 0
2 85911 1 0
2 86053 1 0
0 86194 1 0
3 86194 1 0
0 86336 1 0
1 86477 1 0
3 86477 1 0
2 86619 1 0
3 86760 1 0
0 86760 1 0
1 86902 1 0
0 87043 1 0
2 87043 1 0
1 87185 1 0
3 87326 1 0
0 87326 1 0
2 87468 1 0
1 87539 1 0
3 87609 1 0
0 87609 1 0
2 87751 1 0
1 87892 1 0
0 87892 1 0
2 88034 1 0
0 88175 1 0
3 88175 1 0
1 88317 1 0
2 88458 1 0
3 88458 1 0
1 88600 1 0
2 88671 1 0
3 88741 1 0
0 88741 1 0
1 88883 1 0
2 88883 1 0
0 89307 1 0
1 89307 1 0
2 89449 1 0
3 89449 1 0
3 89873 1 0
1 89873 1 0
2 90015 1 0
0 90015 1 0
0 90439 1 0
1 90439 1 0
2 90581 1 0
3 90581 1 0
0 90652 1 0
1 90723 1 0
3 90793 1 0
2 90864 1 0
1 90935 1 0
0 91006 1 0
3 91006 1 0
2 91218 1 0
1 91430 1 0
3 91572 1 0
2 91642 1 0
0 91713 1 0
1 91784 1 0
3 91855 1 0
1 91996 1 0
2 92067 1 0
3 92138 1 0
0 92350 1 0
3 92562 1 0
0 92704 1 0
1 92774 1 0
3 92845 1 0
2 92916 1 0
1 92987 1 0
3 93128 1 0
0 93199 1 0
2 93270 1 0
1 93482 1 0
3 93694 1 0
0 93836 1 0
1 93906 1 0
3 93977 1 0
2 94048 1 0
1 94119 1 0
3 94260 1 0
2 94331 1 0
1 94402 1 0
0 94402 1 0
1 94543 1 0
0 94543 1 0
2 94685 1 0
3 94685 1 0
2 94826 1 0
3 94826 1 0
1 94897 1 0
0 94968 1 0
3 94968 1 0
1 95109 1 0
2 95109 1 0
1 95392 1 0
2 95392 1 0
0 95534 1 0
3 95534 1 0
2 95675 1 0
0 95746 1 0
1 95817 1 0
3 95817 1 0
2 95958 1 0
0 96100 1 0
3 96100 1 0
1 96171 1 0
2 96241 1 0
3 96312 1 0
1 96383 1 0
0 96383 1 0
3 96454 1 0
2 96524 1 0
1 96595 1 0
0 96666 1 0
3 96666 1 0
1 96807 1 0
3 96878 1 0
2 96949 1 0
0 96949 1 0
1 97090 1 0
3 97232 1 0
0 97232 1 0
2 97303 1 0
1 97373 1 0
3 97444 1 0
2 97515 1 0
0 97515 1 0
1 97586 1 0
2 97656 1 0
3 97727 1 0
1 97798 1 0
0 97798 2 97939
2 97987 2 98128
3 98175 2 98317
0 98364 1 0
1 98364 2 98506
2 98553 2 98694
0 98741 2 98883
3 98930 1 0
2 99024 1 0
0 99119 1 0
1 99213 1 0
3 99307 1 0
0 99402 1 0
1 99496 1 0
3 99496 1 0
2 99779 1 0
3 100062 1 0
0 100062 2 100133
2 100062 1 0
1 100204 2 100274
2 100345 2 100416
0 100345 1 0
3 100487 2 100557
1 100628 1 0
0 100699 1 0
2 100770 1 0
3 100840 1 0
1 100911 1 0
0 100911 1 0
2 101053 1 0
0 101194 1 0
3 101194 2 101265
2 101336 2 101406
1 101477 2 101548
3 101477 1 0
0 101619 2 101689
2 101760 1 0
3 101831 1 0
1 101902 1 0
0 101973 1 0
2 102043 1 0
3 102043 1 0
1 102185 1 0
0 102326 1 0
3 102326 1 0
3 102468 1 0
0 102468 1 0
1 102609 1 0
2 102680 1 0
0 102751 1 0
1 102822 1 0
2 102892 1 0
3 102892 1 0
0 103034 1 0
1 103034 1 0
2 103175 1 0
1 103246 1 0
3 103317 1 0
2 103388 1 0
1 103458 1 0
0 103458 1 0
2 103600 1 0
3 103600 1 0
0 103741 1 0
1 103812 1 0
3 103883 1 0
2 103954 1 0
0 104024 1 0
1 104024 1 0
2 104166 1 0
3 104166 1 0
0 104307 1 0
1 104378 1 0
3 104449 1 0
2 104449 1 0
0 104590 1 0
3 104590 1 0
1 104732 1 0
0 104732 1 0
2 105015 1 0
3 105015 1 0
2 105298 1 0
1 105298 1 0
1 105581 1 0
0 105581 1 0
2 105864 1 0
3 105864 1 0
0 106006 1 0
3 106006 1 0
2 106147 1 0
1 106147 1 0
3 106289 1 0
2 106289 1 0
0 106430 1 0
1 106430 1 0
0 106572 1 0
3 106572 1 0
1 106713 1 0
2 106713 1 0
3 106855 1 0
0 106996 1 0
2 107279 1 0
1 107562 1 0
0 107845 1 0
1 108128 1 0
2 108270 1 0
1 108411 1 0
3 108553 1 0
2 108694 1 0
0 108836 1 0
1 108836 1 0
2 108977 1 0
3 109119 1 0
0 109119 1 0
2 109402 1 0
1 109543 1 0
2 109685 1 0
0 109826 1 0
3 109968 1 0
1 110109 1 0
3 110251 1 0
0 110392 1 0
2 110534 1 0
1 110675 1 0
3 110817 1 0
0 110958 1 0
1 111100 1 0
2 111241 1 0
0 111383 1 0
3 111383 1 0
1 111454 1 0
2 111524 1 0
0 111595 1 0
3 111666 1 0
2 111737 1 0
1 111807 1 0
3 111878 1 0
0 111949 1 0
1 112020 1 0
3 112090 1 0
2 112161 1 0
0 112232 1 0
1 112303 1 0
3 112373 1 0
2 112444 1 0
1 112515 1 0
0 112586 1 0
2 112656 1 0
3 112727 1 0
1 112798 1 0
0 112869 1 0
2 112939 1 0
3 113010 1 0
0 113081 2 113364
1 113081 1 0
3 113364 1 0
1 113364 1 0
2 113435 1 0
0 113506 1 0
1 113576 1 0
3 113647 1 0
0 113718 1 0
2 113789 1 0
1 113859 1 0
3 113930 1 0
0 113930 1 0
2 114072 2 114355
1 114355 1 0
0 114355 1 0
2 114496 1 0
3 114496 1 0
1 114638 1 0
0 114779 1 0
3 114779 1 0
2 114921 1 0
3 114991 1 0
1 115062 1 0
0 115062 1 0
0 115204 2 115487
2 115204 1 0
1 115487 1 0
3 115487 1 0
2 115628 1 0
0 115628 1 0
1 115770 1 0
3 115911 1 0
2 115911 1 0
1 116053 1 0
2 116123 1 0
3 116194 1 0
0 116194 1 0
2 116336 2 116619
3 116619 1 0
0 116619 1 0
1 116760 1 0
2 116760 1 0
0 116902 1 0
2 117043 1 0
3 117043 1 0
1 117185 1 0
0 117326 1 0
3 117326 1 0
3 117468 2 117751
2 117468 1 0
1 117751 1 0
0 117751 1 0
2 117892 1 0
3 117892 1 0
1 118034 1 0
0 118175 1 0
2 118175 1 0
3 118175 1 0
1 118317 1 0
2 118388 1 0
3 118458 1 0
0 118458 1 0
1 118600 2 118883
2 118883 1 0
3 118883 1 0
1 119024 1 0
0 119024 1 0
2 119166 1 0
3 119307 1 0
0 119307 1 0
1 119449 1 0
0 119520 1 0
2 119590 1 0
3 119590 1 0
3 119732 2 120015
1 119732 1 0
1 120015 1 0
2 120015 1 0
3 120156 1 0
0 120156 1 0
2 120298 1 0
1 120439 1 0
0 120439 1 0
2 120581 1 0
1 120652 1 0
0 120723 1 0
3 120723 1 0
1 120864 1 0
2 120864 1 0
1 121006 1 0
2 121006 1 0
3 121147 1 0
0 121289 1 0
1 121359 1 0
2 121430 1 0
3 121501 1 0
1 121572 1 0
0 121572 1 0
0 121760 1 0
3 121760 1 0
1 121949 1 0
3 121949 1 0
2 122138 1 0
1 122138 1 0
0 122326 1 0
1 122326 1 0
2 122515 1 0
3 122515 1 0
0 122704 1 0
3 122704 1 0
0 122987 1 0
1 122987 1 0
2 123057 1 0
3 123128 1 0
1 123199 1 0
2 123270 1 0
0 123340 1 0
1 123411 1 0
3 123482 1 0
2 123553 1 0
1 123623 1 0
0 123694 1 0
2 123765 1 0
3 123836 1 0
1 123906 1 0
0 123977 1 0
2 124048 1 0
1 124119 1 0
3 124189 1 0
2 124260 1 0
0 124331 1 0
3 124402 1 0
1 124496 1 0
2 124590 1 0
0 124685 1 0
3 124779 1 0
1 124873 1 0
2 124968 1 0
3 124968 1 0
0 125039 1 0
1 125109 1 0
0 125180 1 0
3 125251 1 0
2 125322 1 0
3 125392 1 0
1 125463 1 0
2 125534 1 0
0 125534 1 0
3 125605 1 0
1 125675 1 0
0 125746 1 0
3 125817 1 0
2 125888 1 0
1 125958 1 0
2 126029 1 0
3 126100 1 0
0 126100 1 0
1 126171 1 0
2 126241 1 0
3 126312 1 0
0 126383 1 0
1 126454 1 0
2 126524 1 0
3 126595 1 0
1 126666 1 0
2 126760 1 0
0 126855 1 0
3 126949 1 0
1 127043 1 0
2 127138 1 0
0 127232 1 0
3 127232 1 0
2 127515 1 0
0 127656 1 0
1 127727 1 0
3 127939 1 0
2 128081 1 0
1 128223 1 0
0 128364 1 0
3 128364 1 0
1 128458 1 0
3 128553 1 0
0 128647 1 0
2 128741 1 0
0 128836 1 0
3 128930 1 0
1 129024 1 0
3 129119 1 0
0 129213 1 0
2 129307 1 0
0 129402 1 0
2 129496 1 0
3 129496 1 0
1 129567 1 0
0 129638 1 0
3 129708 1 0
1 129779 1 0
2 129850 1 0
0 129921 1 0
3 129991 1 0
2 130062 1 0
0 130133 1 0
1 130204 1 0
3 130274 1 0
0 130345 1 0
2 130416 1 0
0 130487 1 0
2 130557 1 0
0 130628 1 0
3 130628 1 0
1 130770 1 0
2 130911 1 0
3 130982 1 0
0 131053 1 0
2 131194 2 131477
0 131477 1 0
1 131548 1 0
3 131619 1 0
2 131689 1 0
3 131760 1 0
0 131760 1 0
1 131902 1 0
3 132043 1 0
2 132185 1 0
0 132326 1 0
1 132468 1 0
2 132609 1 0
3 132751 1 0
0 133034 1 0
2 133883 1 0
1 133954 1 0
0 134024 1 0
3 134166 1 0
1 134307 1 0
3 134449 1 0
0 134590 1 0
1 134732 1 0
3 134873 1 0
2 135015 1 0
0 135298 1 0
1 135581 2 136006
2 135723 2 136006
3 136006 2 136289
0 136289 1 0
2 136430 1 0
0 136572 1 0
3 136713 1 0
0 136855 1 0
1 136996 1 0
3 137138 1 0
2 137279 1 0
0 137562 1 0
1 138411 1 0
2 138482 1 0
3 138553 1 0
0 138694 1 0
3 138836 1 0
1 138977 1 0
2 139119 1 0
3 139260 1 0
0 139402 1 0
1 139543 1 0
3 139826 1 0